                   7           0.0905797
                   7           0.0617284
                 7.5          0.00358912
                   7           0.0748503
                   7           0.0730994
                 7.5          0.00419322
                   7           0.0623053
                 7.5          0.00358012
                   8         8.27767e-05
                   1            0.990099
                 1.5            0.813008
                   2             0.37037
                   1                   1
                 1.5            0.806452
                   2            0.381679
                 2.5           0.0592417
                   1            0.980392
                 1.5            0.684932
                   2            0.166389
                 2.5          0.00751597
                   1            0.952381
                 1.5            0.609756
                   2            0.124688
                 2.5          0.00490509
                   1            0.961538
                 1.5            0.675676
                   2            0.140449
                   1            0.990099
                 1.5            0.740741
                   2            0.201207
                   1            0.961538
                 1.5            0.735294
                   2             0.21978
