                   6                   1
                 6.5                   1
                   7                   1
                 7.5            0.943396
                   8            0.714286
                 8.5            0.195312
                   9           0.0329815
                 9.5          0.00234687
                  10            0.000084
                   7                   1
                 7.5            0.961538
                   8            0.714286
                 8.5            0.240385
                   9           0.0361533
                 9.5           0.0027046
                  10         0.000138784
