                   6                   1
                 6.5                   1
                   7                   1
                 7.5            0.769231
                   8             0.35461
                 8.5            0.071736
                   6                   1
                 6.5                   1
                   7                   1
                 7.5            0.793651
                   8             0.34965
                 8.5            0.060241
                   9          0.00546807
                 9.5         0.000140547
                   1                   1
                 1.5                   1
                   2            0.925926
                 2.5            0.355872
                   3           0.0437637
