                   6                   1
                 6.5            0.980392
                   7            0.833333
                 7.5             0.37037
                   8           0.0503525
                 8.5          0.00222193
                 9.0           0.000072
                   6                   1
                 6.5            0.961538
                   7            0.909091
                 7.5             0.35461
                   8           0.0426621
                 8.5          0.00269049
                   6                   1
                 6.5                   1
                   7            0.769231
                 7.5             0.33557
                   8           0.0588928
                 8.5          0.00276228
                   8            0.328947
                 8.5            0.180505
                   9           0.0361533
                 9.5          0.00518941
                   7            0.128205
                 7.5           0.0260688
                   8          0.00316636
                 8.5         0.000361113
                   9         2.41687e-05
                   7            0.909091
                 7.5            0.666667
                   8            0.416667
                 8.5            0.148368
                   9           0.0348675
                 9.5          0.00537924
                  10         0.000887879
                10.5          0.00011844
                   7            0.943396
                 7.5             0.78125
                   8            0.531915
                 8.5            0.168919
                   9           0.0621891
                 9.5          0.00977326
                   7            0.909091
                 7.5            0.704225
                   8            0.373134
                 8.5            0.159236
                   9           0.0339443
                 9.5          0.00751767
                  10          0.00081477
                   7            0.892857
                 7.5            0.714286
                   8            0.322581
                 8.5            0.186567
                   9           0.0483559
                 9.5           0.0204332
                   7            0.892857
                 7.5            0.649351
                   8            0.333333
                 8.5            0.159744
                   9           0.0374251
                 9.5           0.0050388
                  10         0.000966594
                10.5         0.000163248
                   7            0.877193
                 7.5            0.684932
                   8            0.438596
                 8.5            0.167785
                   9             0.04995
                 9.5           0.0210704
                   7            0.961538
                 7.5            0.675676
                   8             0.42735
                 8.5            0.151057
                   9           0.0411184
                 9.5          0.00743384
                   7            0.892857
                 7.5            0.649351
                   8            0.373134
                 8.5            0.177936
                   9           0.0485909
                 9.5           0.0059952
                  10         0.000924163
                   7            0.943396
                 7.5            0.657895
                   8            0.420168
                 8.5            0.162866
                   9           0.0305998
                 9.5          0.00521105
                   7            0.892857
                 7.5            0.724638
                   8            0.420168
                 8.5            0.138889
                   9           0.0419463
                 9.5          0.00698324
                  10         0.000981431
                   7            0.943396
                 7.5            0.746269
                   8            0.520833
                 8.5            0.222222
                   9           0.0805153
                 9.5           0.0234412
                   7            0.862069
                 7.5            0.694444
                   8            0.420168
                 8.5            0.178571
                   9           0.0484966
                 9.5           0.0174338
                  10          0.00546568
                   7            0.862069
                 7.5            0.704225
                   8            0.367647
                 8.5            0.145773
                   9           0.0343643
                 9.5          0.00533447
                   7            0.877193
                 7.5             0.70922
                   8            0.364964
                 8.5             0.15949
                   9           0.0367647
                 9.5          0.00689275
                  10          0.00093155
                10.5          0.00014248
                   7            0.543478
                 7.5            0.326797
                   8           0.0886525
                 8.5           0.0206101
                   7            0.136799
                 7.5           0.0267738
                   8          0.00332945
                   7            0.146199
                 7.5           0.0263158
                   8          0.00366019
                   7            0.884956
                 7.5             0.75188
                   8            0.393701
                 8.5             0.17094
                   9           0.0652316
                 9.5            0.020008
                   7            0.884956
                 7.5            0.689655
                   8             0.42735
                 8.5            0.178571
                   9           0.0410172
                   7            0.156006
                 7.5           0.0275406
                   8          0.00391942
                 8.5         0.000326439
                   7             0.78125
                 7.5              0.3367
                   8           0.0491642
