                   6                   1
                 6.5                   1
                   7            0.925926
                 7.5            0.526316
                   8            0.128535
                 8.5           0.0092115
                   6                   1
                 6.5                   1
                   7                   1
                 7.5            0.961538
                   8            0.531915
                   6                   1
                 6.5                   1
                   7                   1
                 7.5            0.892857
                   8            0.337838
                 8.5           0.0515464
                   6                   1
                 6.5                   1
                   7                   1
                 7.5            0.892857
                   8            0.515464
                 8.5             0.21097
                   6                   1
                 6.5                   1
                   7            0.925926
                 7.5            0.657895
                   8            0.140056
                 8.5           0.0106678
                   8            0.657895
                 8.5                 0.5
                   9            0.238095
                 9.5           0.0789889
                  10           0.0196309
                   7            0.934579
                 7.5            0.787402
                   8            0.534759
                 8.5            0.304878
                   9            0.115207
                 9.5           0.0434594
                   7            0.990099
                 7.5            0.943396
                   8            0.854701
                 8.5            0.490196
                   9            0.303951
                 9.5           0.0979432
                  10           0.0292569
                10.5          0.00627549
