                   6                   1
                 6.5                   1
                   7                   1
                 7.5                   1
                   8                   1
                 8.5            0.877193
                   9            0.588235
                 9.5            0.139276
                   6                   1
                 6.5                   1
                   7                   1
                 7.5                   1
                   8                   1
                 8.5            0.943396
                   9            0.649351
                 9.5            0.231481
                  10           0.0481232
                10.5           0.0207039
                   6                   1
                 6.5                   1
                   7                   1
                 7.5                   1
                   8                   1
                 8.5            0.943396
                   9            0.561798
                 9.5            0.166113
                  10           0.0450857
                10.5           0.0120279
                  11          0.00426221
