                   6                   1
                 6.5            0.943396
                   7            0.641026
                 7.5            0.116279
                   8          0.00485531
                   6                   1
                 6.5                   1
                   7            0.694444
                 7.5            0.110132
                   6          0.00387357
                   6                   1
                 6.5                   1
                   7            0.694444
                 7.5            0.117371
                   8          0.00441112
                   6                   1
                 6.5            0.961538
                   7            0.666667
                 7.5            0.117096
                   6                   1
                 6.5            0.961538
                   7            0.649351
                 7.5            0.122249
                   8          0.00393267
