                   7            0.641026
                 7.5            0.318471
                   8           0.0788644
                 8.5           0.0293772
                   7            0.581395
                 7.5            0.318471
                   8           0.0786164
                   7            0.714286
                 7.5            0.296736
                   8            0.076746
                   7            0.452489
                 7.5            0.107991
                   8            0.014988
                   7            0.917431
                 7.5             0.52356
                   8            0.164204
                 8.5            0.022477
                   9          0.00166976
                 9.5         0.000145307
