                   8           0.0142248
                   7             0.47619
                 7.5            0.116822
                   7            0.423729
                 7.5           0.0680272
                   8          0.00652316
                   7            0.806452
                 7.5            0.331126
                   8           0.0869565
                   7            0.282486
                 7.5           0.0547645
                   8          0.00616295
                   7            0.416667
                 7.5            0.102459
                   8           0.0174764
                   7            0.471698
                 7.5            0.121655
                   8           0.0154416
                   7            0.442478
                 7.5            0.111359
                   8            0.011084
                   7             0.50505
                 7.5            0.148368
                   7            0.420168
                 7.5           0.0888099
                   8          0.00825083
                   7            0.609756
                 7.5            0.187266
                   7            0.485437
                 7.5           0.0943396
                   8           0.0137325
                   7            0.454545
                 7.5           0.0907441
                   8           0.0105507
                   7            0.255102
                 7.5           0.0289687
                   7            0.204082
                 7.5           0.0179986
                   7            0.217391
                 7.5           0.0165344
                   8         0.000421046
                   7            0.462963
                 7.5            0.111359
                   7            0.141243
                 7.5            0.010202
                   7            0.177305
                   7             0.10142
                   7             0.19305
                   7            0.204918
                   7                   1
                 7.5                   1
                   8                   1
                 8.5                   1
                   9            0.980392
                 9.5            0.925926
                   7             0.12987
                   7            0.127551
                 7.5          0.00893336
                   8         0.000179769
