                   1            0.961538
                 1.5            0.555556
                   2           0.0396197
                   1                   1
                 1.5            0.934579
                   2            0.404858
                   1            0.990099
                 1.5            0.666667
                   2           0.0925069
                   1            0.980392
                 1.3            0.840336
                 1.6             0.37037
                 1.9           0.0790514
                 2.2           0.0106906
                 2.5          0.00270248
                 2.8         0.000507599
                 3.1         0.000128569
                 3.4         3.32863e-05
