                   3           0.0403714
                   1                   1
                1.15                   1
                 1.3            0.970874
                1.45            0.943396
                 1.6            0.854701
                1.75            0.561798
                 1.9            0.327869
                2.05            0.178891
                 2.2           0.0861326
                2.35             0.02886
                 2.5          0.00725058
                2.65          0.00271429
                 2.8          0.00132993
                2.95         0.000457444
