                   1                   1
                 1.5            0.961538
                   2            0.271739
                 2.5          0.00478767
                   1                   1
                1.15                   1
                 1.3            0.970874
                1.45            0.952381
                 1.6            0.826446
                1.75            0.632911
                 1.9            0.434783
                2.05            0.194553
                 2.2           0.0791139
                2.35           0.0207727
                 2.5          0.00375672
                2.65         0.000482574
                   7            0.699301
                7.15            0.483092
                 7.3            0.311526
                7.45            0.209205
                 7.6           0.0925926
                7.75           0.0398406
                   1                   1
                1.15                   1
                 1.3            0.980392
                1.45            0.980392
                 1.6            0.826446
                1.75            0.699301
                 1.9              0.4329
                2.05            0.245098
                 2.2           0.0830565
                2.35           0.0212902
