                   7            0.819672
                 7.5            0.322581
                   8           0.0588235
                   7            0.862069
                 7.5            0.344828
                   8           0.0574713
                 8.5             0.00407
                   7            0.735294
                 7.5             0.25641
                   8           0.0283286
                   7            0.617284
                 7.5            0.220264
                   8           0.0331785
