                   7                   1
                 7.5                   1
                   8            0.980392
                 8.5            0.877193
                   9            0.598802
                 9.5            0.344828
                  10            0.194175
                10.5            0.107296
                   7                   1
                 7.5                   1
                   8            0.970874
                 8.5            0.769231
                   9                 0.4
                 9.5            0.136986
                   7                   1
                 7.5            0.990099
                   8            0.787402
                 8.5            0.454545
                   9            0.154083
                 9.5           0.0595593
                   7                   1
                 7.5                   1
                   8            0.980392
                 8.5                 0.8
                   9            0.363636
                 9.5            0.129366
                  10           0.0283046
                10.5          0.00594566
                  11         0.000912567
                11.5         0.000136685
