                   8            0.724638
                 8.5            0.471698
                   9             0.18797
                 9.5           0.0574713
                   8            0.714286
                 8.5            0.423729
                   9            0.209205
                   8            0.877193
                 8.5            0.632911
                   9            0.420168
                 9.5            0.148368
                  10           0.0409836
                10.5          0.00975039
                   8            0.806452
                 8.5             0.45045
                   9            0.185874
                 9.5           0.0572082
                  10           0.0187547
                10.5          0.00373218
                   8            0.200803
                 8.5           0.0626566
                   9           0.0402901
                   8           0.0124688
                   8            0.114679
                 8.5           0.0183486
