                   6                   1
                 6.5                   1
                   7                   1
                 7.5            0.980392
                   8             0.47619
                 8.5           0.0770416
                   9         0.000949776
                   6                   1
                 6.5                   1
                   7                   1
                 7.5            0.943396
                   8            0.434783
                 8.5           0.0570125
                   6                   1
                 6.5                   1
                   7                   1
                 7.5            0.961538
                   8             0.45045
                 8.5           0.0661376
                   6                   1
                 6.5                   1
                   7                   1
                 7.5            0.925926
                   8            0.515464
                 8.5           0.0618812
                   6                   1
                 6.5                   1
                   7                   1
                 7.5            0.943396
                   8            0.561798
                 8.5           0.0757576
                   6                 0.4
                 6.5          0.00844167
