                   7            0.892857
                 7.5            0.684932
                   8             0.22831
                 8.5           0.0446429
                   7            0.925926
                 7.5            0.657895
                   8            0.213675
                 8.5           0.0318269
                   7            0.925926
                   7            0.943396
                 7.5               0.625
                   8            0.219298
                   7            0.909091
                 7.5            0.649351
                   8            0.206612
                   7            0.892857
                 7.5            0.595238
                   8            0.203252
                   7            0.925926
                 7.5            0.666667
                   8             0.22831
                   7            0.909091
                 7.5            0.649351
                   8            0.225225
                   7            0.909091
                 7.5             0.60241
                   7            0.925926
                 7.5            0.649351
                   8            0.196078
                 8.5           0.0417014
                   7            0.925926
                 7.5               0.625
                   8            0.204082
                   7            0.877193
                 7.5            0.714286
                   8            0.222222
                   7            0.909091
                 7.5            0.666667
                   8            0.217391
                 8.5           0.0420168
                   7            0.943396
                 7.5            0.684932
                   8            0.197628
                 8.5           0.0417362
                   7            0.909091
                 7.5            0.746269
                   8            0.344828
                 8.5            0.117647
                   7            0.909091
                 7.5            0.675676
                   8             0.21645
                 8.5           0.0459137
                   7            0.961538
                 7.5            0.641026
                   8            0.306748
                 8.5           0.0514933
                   7            0.961538
                 7.5            0.757576
                   8            0.289017
                 8.5           0.0755287
                   7            0.892857
                 7.5            0.675676
                   8            0.206612
                 8.5           0.0289352
                   7            0.925926
                 7.5             0.60241
                   8            0.220264
                 8.5           0.0272628
                   7            0.925926
                 7.5            0.632911
                   8            0.203252
                 8.5           0.0345066
                   7            0.892857
                 7.5             0.60241
                   8            0.195312
                 8.5           0.0267523
                   7            0.909091
                 7.5            0.675676
                   8            0.190114
                 8.5           0.0287191
                   9          0.00169595
