                   6                   1
                 6.5                   1
                   7            0.980392
                 7.5            0.877193
                   8            0.347222
                 8.5            0.046729
                   9          0.00247954
                 9.5         7.91263e-05
                   10                  3E-6                   6                   1
                 6.5                   1
                   7            0.980392
                 7.5            0.819672
                   8            0.328947
                 8.5           0.0512821
                   6                   1
                 6.5                   1
                   7            0.980392
                 7.5            0.847458
                   8            0.342466
                 8.5           0.0538213
                   9          0.00305325
                   6                   1
                 6.5                   1
                   7            0.980392
                 7.5            0.769231
                   8            0.367647
                 8.5           0.0462107
