                   1                   1
                 1.5            0.980392
                   2             0.52356
                 2.5           0.0194099
                   1                   1
                 1.5                   1
                   2            0.609756
                 2.5           0.0212089
                   1                   1
                 1.5            0.990099
                   2            0.454545
                 2.5           0.0137703
                   1                   1
                 1.5            0.970874
                   2            0.588235
                 2.5           0.0272554
                   1                   1
                 1.5            0.952381
                   2            0.558659
                 2.5           0.0221386
                   1                   1
                 1.5            0.980392
                   2            0.584795
                 2.5           0.0148434
                   1                   1
                 1.5            0.990099
                   2             0.50505
                 2.5           0.0135999
                   1                   1
                1.15                   1
                 1.3                   1
                1.45            0.990099
                 1.6            0.952381
                1.75            0.854701
                 1.9            0.645161
                2.05            0.387597
                 2.2            0.224215
                2.35           0.0681663
                 2.5           0.0160026
                2.65          0.00277832
                 2.8         0.000345572
                2.95         5.65383e-05
