                   7            0.704225
                 7.5            0.226244
                   8           0.0457038
                   7                   1
                 7.5            0.980392
                   8            0.892857
                 8.5            0.531915
                   9            0.221239
                 9.5           0.0558659
                   7                   1
                 7.5                   1
                   8            0.833333
                 8.5            0.515464
                   7            0.862069
                 7.5            0.537634
                   7            0.657895
                 7.5            0.227273
                   8           0.0263852
                   7            0.714286
                 7.5            0.287356
                   8           0.0385505
                   7            0.531915
                 7.5            0.182482
                   8           0.0289352
                   7            0.537634
                 7.5            0.184502
                   7            0.588235
                 7.5             0.17301
                   8           0.0227998
                 8.5           0.0016982
                   7            0.409836
                 7.5           0.0371471
                   8          0.00150807
                 8.5         1.73644e-05
                   7             0.30303
                 7.5           0.0364963
                   7            0.694444
                 7.5            0.234742
                   8            0.045045
                 8.5          0.00501504
