                   6                   1
                 6.5                   1
                   7                   1
                 7.5            0.961538
                   8               0.625
                 8.5            0.229358
                   9           0.0622665
                   6                   1
                 6.5                   1
                   7                   1
                 7.5            0.961538
                   8            0.666667
                 8.5            0.229358
                   9           0.0561167
