                   7            0.515464
                 7.5            0.131234
                   8           0.0310366
                   7            0.925926
                 7.5            0.595238
                   8            0.241546
                 8.5           0.0504541
                   7            0.769231
                 7.5            0.318471
                   8           0.0708215
                   7            0.342466
                 7.5           0.0561798
                   7            0.769231
                 7.5             0.37037
                   8           0.0876424
                 8.5           0.0121862
                   9          0.00171072
                 9.5         0.000216371
                   7            0.274725
                 7.5           0.0641849
                   7            0.429185
                 7.5            0.154799
                   8           0.0396511
