                   7            0.862069
                 7.5            0.671141
                   8            0.471698
                 8.5            0.229885
                   9           0.0901713
                 9.5           0.0373832
                   7            0.970874
                 7.5            0.877193
                   8            0.657895
                 8.5            0.458716
                   9             0.21692
                 9.5           0.0910747
                  10           0.0237361
                10.5          0.00693193
                  11          0.00190183
                11.5         0.000508727
                  12         7.17807e-05
                12.5         1.14014e-05
