                   1            0.934579
                 1.5            0.555556
                   2           0.0960615
                 2.5          0.00329587
                   1            0.952381
                 1.5            0.641026
                   2            0.212314
                   1            0.961538
                 1.5            0.588235
                   2            0.124688
                   1            0.909091
                 1.5            0.492611
                   2           0.0907441
                 2.5          0.00256891
