                   6                   1
                 6.5                   1
                   7                   1
                 7.5                   1
                   8                   1
                 8.5            0.833333
                   9            0.549451
                 9.5            0.174216
                  10           0.0220946
                10.5          0.00202733
                   6                   1
                 6.5                   1
                   7                   1
                 7.5                   1
                   8                   1
                 8.5            0.862069
                   9            0.531915
                 9.5             0.14245
                  10           0.0209293
                   6                   1
                 6.5                   1
                   7                   1
                 7.5                   1
                   8                   1
                 8.5            0.892857
                   9            0.531915
                 9.5            0.124069
                  10           0.0232883
                10.5          0.00225225
                  11         0.000193239
                   6                   1
                 6.5                   1
                   7                   1
                 7.5                   1
                   8            0.980392
                 8.5            0.892857
                   9            0.549451
                 9.5            0.154799
                  10           0.0247525
                   6                   1
                 6.5                   1
                   7                   1
                 7.5                   1
                   8            0.980392
                 8.5            0.943396
                   9            0.735294
                 9.5             0.27027
                  10           0.0630517
                   6                   1
                 6.5                   1
                   7                   1
                 7.5                   1
                   8                   1
                 8.5                   1
                   9                   1
                 9.5                   1
                  10                   1
                10.5                   1
                  11                   1
                11.5                   1
                  12                   1
                12.5                   1
                  13                   1
                13.5                   1
                  14                   1
                   6                   1
                 6.5                   1
                   7                   1
                 7.5                   1
                   8                   1
                 8.5            0.909091
                   9            0.568182
                 9.5            0.138122
                  10            0.023855
                   6                   1
                 6.5                   1
                   7                   1
                 7.5                   1
                   8                   1
                 8.5                   1
                   9            0.847458
                 9.5            0.531915
                  10            0.150602
                10.5           0.0281373
                   7                   1
                 7.5                   1
                   8            0.970874
                 8.5            0.892857
                   9            0.483092
                 9.5            0.149031
                  10           0.0230203
                   7                   1
                 7.5                   1
                   8            0.980392
                 8.5            0.909091
                   9            0.473934
                 9.5            0.151057
                  10           0.0282406
                   7                   1
                 7.5                   1
                   8                   1
                 8.5            0.909091
                   9            0.471698
                 9.5            0.149925
                  10           0.0280191
                   7            0.990099
                 7.5                   1
                   8                   1
                 8.5            0.934579
                   9            0.465116
                 9.5            0.139665
                  10           0.0227894
                10.5          0.00231707
                  11         0.000178512
