                 8.5          0.00223604
                   9          0.00016655
                 8.5           0.0543478
                 8.5           0.0642674
                   9          0.00753352
                 8.5            0.055991
                 8.5           0.0632111
                   9          0.00806062
                 9.5          0.00127698
                 9.5         0.000907919
                  10         0.000152084
                10.5         2.77142e-05
                 8.5           0.0037594
