                   6                   1
                 6.5                   1
                   7                   1
                 7.5                   1
                   8            0.980392
                 8.5            0.704225
                   9            0.393701
                 9.5           0.0922509
                  10           0.0274424
                   6                   1
                 6.5                   1
                   7                   1
                 7.5                   1
                   8            0.961538
                 8.5            0.724638
                   9            0.442478
                 9.5            0.115473
                  10           0.0279955
