                   6                   1
                 6.5            0.980392
                   7            0.909091
                 7.5            0.617284
                   8            0.199203
                 8.5           0.0450045
                   6                   1
                 6.5                   1
                   7            0.925926
                 7.5            0.561798
                   8            0.242718
                 8.5           0.0408163
                   9           0.0071347
                   6                   1
                 6.5                   1
                   7            0.909091
                 7.5            0.675676
                   8            0.295858
                 8.5           0.0573394
                   6                   1
                 6.5            0.980392
                   7            0.943396
                 7.5            0.609756
                   8            0.201613
                 8.5            0.041876
