                   6            0.980392
                 6.5            0.793651
                   7            0.292398
                 7.5           0.0441696
                   8          0.00196665
                  8.5         0.000042
                   8         0.000914813
                 8.5         1.92094e-05
                   7            0.252525
                 7.5           0.0290023
                   7            0.357143
                 7.5           0.0536481
                   7            0.276243
                 7.5           0.0350631
                   7            0.324675
                 7.5           0.0255754
                   7             0.27933
                 7.5           0.0295334
                   8           0.0513875
                 8.5           0.0163292
                   9           0.0020616
                 9.5         0.000278963
                   8            0.114679
                 8.5           0.0203749
                   8           0.0786164
                 8.5           0.0170648
                   9           0.0041295
                   7            0.462963
                 7.5            0.234742
                   8            0.065445
                 8.5           0.0121242
                   9          0.00309636
                   7            0.252525
                 7.5           0.0278862
                   7             0.26738
                 7.5             0.02936
                   7            0.276243
                 7.5           0.0365764
                   7             0.52356
                 7.5            0.238095
                   8           0.0651466
                 8.5           0.0143472
                   9          0.00245459
                 9.5          0.00029567
                   7           0.0347705
                 7.5          0.00444444
                   8         0.000413225
                 8.5         3.62298e-05
                   7            0.268817
                 7.5           0.0378931
                   8         0.000984155
                   1            0.990099
                 1.5            0.699301
                   2            0.175747
                 2.5          0.00859697
