# === run start: polarconh=GA polarconv=RM softiter=2 ===
# fields: SNR_dB  frames  err_frames  FER  err_bits  total_bits  BER
7	10	10	1	1514	5720	0.264685
7	20	20	1	3285	11440	0.28715
7	30	30	1	5294	17160	0.308508
7	40	40	1	7087	22880	0.309747
7	50	50	1	9656	28600	0.337622
7	60	60	1	12041	34320	0.350845
7	70	70	1	13855	40040	0.346029
7	80	80	1	15921	45760	0.347924
7	90	90	1	18142	51480	0.352409
7	100	100	1	20225	57200	0.353584
# SNR 7 final  frames=100 err_frames=100 FER=1 err_bits=20225 BER=0.353584
7.5	10	10	1	1935	5720	0.338287
7.5	20	20	1	4087	11440	0.357255
7.5	30	30	1	5640	17160	0.328671
7.5	40	40	1	7478	22880	0.326836
7.5	50	50	1	9352	28600	0.326993
7.5	60	60	1	10583	34320	0.308362
7.5	70	70	1	12430	40040	0.31044
7.5	81	80	0.987654	14158	46332	0.305577
7.5	91	90	0.989011	16055	52052	0.308442
7.5	101	100	0.990099	17963	57772	0.310929
# SNR 7.5 final  frames=101 err_frames=100 FER=0.990099 err_bits=17963 BER=0.310929
8	11	10	0.909091	1351	6292	0.214717
8	21	20	0.952381	2895	12012	0.241009
8	31	30	0.967742	4291	17732	0.241992
8	41	40	0.97561	5742	23452	0.244841
8	52	50	0.961538	6930	29744	0.232988
8	62	60	0.967742	8204	35464	0.231333
8	73	70	0.958904	9521	41756	0.228015
8	83	80	0.963855	10771	47476	0.226873
8	94	90	0.957447	12471	53768	0.231941
8	104	100	0.961538	13506	59488	0.227037
# SNR 8 final  frames=104 err_frames=100 FER=0.961538 err_bits=13506 BER=0.227037
8.5	15	10	0.666667	1103	8580	0.128555
8.5	27	20	0.740741	2414	15444	0.156307
8.5	39	30	0.769231	3189	22308	0.142953
8.5	50	40	0.8	3943	28600	0.137867
8.5	63	50	0.793651	4862	36036	0.134921
8.5	73	60	0.821918	6195	41756	0.148362
8.5	84	70	0.833333	7049	48048	0.146707
8.5	97	80	0.824742	7932	55484	0.14296
8.5	108	90	0.833333	9615	61776	0.155643
8.5	120	100	0.833333	10733	68640	0.156367
# SNR 8.5 final  frames=120 err_frames=100 FER=0.833333 err_bits=10733 BER=0.156367
9	18	10	0.555556	415	10296	0.0403069
9	36	20	0.555556	1206	20592	0.0585664
9	51	30	0.588235	2183	29172	0.074832
9	67	40	0.597015	3108	38324	0.081098
9	80	50	0.625	4161	45760	0.0909309
9	97	60	0.618557	5199	55484	0.0937027
9	108	70	0.648148	6085	61776	0.098501
9	125	80	0.64	6683	71500	0.0934685
9	142	90	0.633803	7142	81224	0.0879297
9	167	100	0.598802	8184	95524	0.0856748
# SNR 9 final  frames=167 err_frames=100 FER=0.598802 err_bits=8184 BER=0.0856748
9.5	36	10	0.277778	492	20592	0.0238928
9.5	63	20	0.31746	1143	36036	0.0317183
9.5	83	30	0.361446	1962	47476	0.0413261
9.5	110	40	0.363636	2822	62920	0.0448506
9.5	159	50	0.314465	3170	90948	0.0348551
9.5	186	60	0.322581	3777	106392	0.0355008
9.5	224	70	0.3125	4145	128128	0.0323505
9.5	250	80	0.32	4693	143000	0.0328182
9.5	269	90	0.334572	4946	153868	0.0321444
9.5	293	100	0.341297	6027	167596	0.0359615
# SNR 9.5 final  frames=293 err_frames=100 FER=0.341297 err_bits=6027 BER=0.0359615
10	59	10	0.169492	482	33748	0.0142823
10	141	20	0.141844	846	80652	0.0104895
10	237	30	0.126582	1415	135564	0.0104379
10	361	40	0.110803	1969	206492	0.00953548
10	429	50	0.11655	2618	245388	0.0106688
10	502	60	0.119522	3321	287144	0.0115656
10	587	70	0.11925	3550	335764	0.0105729
10	665	80	0.120301	4039	380380	0.0106183
10	711	90	0.126582	4731	406692	0.0116329
10	775	100	0.129032	5234	443300	0.0118069
# SNR 10 final  frames=775 err_frames=100 FER=0.129032 err_bits=5234 BER=0.0118069
10.5	213	10	0.0469484	704	121836	0.00577826
10.5	375	20	0.0533333	966	214500	0.0045035
10.5	591	30	0.0507614	1875	338052	0.00554648
10.5	961	40	0.0416233	2190	549692	0.00398405
10.5	1266	50	0.0394945	2389	724152	0.00329903
10.5	1506	60	0.0398406	3068	861432	0.00356151
10.5	1794	70	0.039019	3527	1026168	0.00343706
10.5	2023	80	0.0395452	3965	1157156	0.0034265
10.5	2181	90	0.0412655	4291	1247532	0.00343959
10.5	2377	100	0.0420698	4599	1359644	0.0033825
# SNR 10.5 final  frames=2377 err_frames=100 FER=0.0420698 err_bits=4599 BER=0.0033825
11	1335	10	0.00749064	578	763620	0.000756921
11	2374	20	0.0084246	1115	1357928	0.000821104
11	3334	30	0.0089982	1494	1907048	0.00078341
11	4222	40	0.00947418	1855	2414984	0.000768121
11	5027	50	0.00994629	2682	2875444	0.000932726
11	6012	60	0.00998004	3185	3438864	0.000926178
11	7071	70	0.00989959	3622	4044612	0.000895512
11	8187	80	0.00977159	4276	4682964	0.000913097
11	9038	90	0.00995796	5134	5169736	0.000993087
11	9730	100	0.0102775	5415	5565560	0.000972948
# SNR 11 final  frames=9730 err_frames=100 FER=0.0102775 err_bits=5415 BER=0.000972948
11.5	4378	10	0.00228415	412	2504216	0.000164523
11.5	7574	20	0.00264061	805	4332328	0.000185812
11.5	12321	30	0.00243487	1303	7047612	0.000184885
11.5	17687	40	0.00226155	1784	10116964	0.000176337
11.5	23955	50	0.00208725	2148	13702260	0.000156762
11.5	27656	60	0.00216951	2735	15819232	0.000172891
11.5	37252	70	0.00187909	3625	21308144	0.000170123
11.5	41188	80	0.00194231	4284	23559536	0.000181837
11.5	46575	90	0.00193237	4621	26640900	0.000173455
11.5	51263	100	0.00195072	4951	29322436	0.000168847
# SNR 11.5 final  frames=51263 err_frames=100 FER=0.00195072 err_bits=4951 BER=0.000168847
12	11742	10	0.000851644	208	6716424	3.09689e-05
12	60295	20	0.000331702	457	34488740	1.32507e-05
12	83898	30	0.000357577	737	47989656	1.53575e-05
