
         6        32  0.429688        550.00394213

         6        31   0.46875    58.1250.00842247

         6        30  0.488281   58.59380.00680272

         6        29  0.507812   58.90620.00413959

         6        28  0.527344   59.06250.00475873

         6        27  0.566406   61.17190.00853388

         6        26  0.585938   60.9375 0.0054095

         6        25     0.625      62.50.00851064

         6        24  0.644531    61.875  0.011546

         6        23  0.683594   62.8906 0.0100878  // Opt

         6        22  0.703125    61.8750.00708567

         6        21  0.742188   62.34380.00977804

         6        20  0.761719   60.9375 0.0056164

         6        19  0.800781   60.85940.00725953

         6        18  0.820312   59.06250.00308218

         6        17  0.859375   58.43750.00990295

         6        16  0.878906     56.250.00570548

         6        15  0.898438   53.90620.00497512

       6.5        32   0.46875        600.00958865

       6.5        31  0.488281   60.54690.00449277

       6.5        30  0.507812   60.93750.00251193

       6.5        29  0.546875   63.43750.00911717

       6.5        28  0.566406   63.43750.00824334

       6.5        27  0.585938   63.28120.00408378

       6.5        26     0.625        650.00819202

       6.5        25  0.644531   64.45310.00356824

       6.5        24  0.664062     63.750.00565931

       6.5        23  0.703125   64.6875 0.0038994

       6.5        22  0.742188   65.31250.00788457

       6.5        21  0.761719   63.98440.00374953

       6.5        20  0.800781   64.0625 0.0104822

       6.5        19  0.820312   62.34380.00291911

       6.5        18  0.859375    61.875 0.0118963

       6.5        17  0.878906   59.76560.00536711

       6.5        16  0.898438      57.50.00386698

         7        32  0.488281      62.50.00498504

         7        31  0.507812   62.96880.00195267

         7        30  0.546875    65.6250.00730193

         7        29  0.566406   65.70310.00501932

         7        28  0.585938    65.6250.00397046

         7        27     0.625      67.50.00491207

         7        26  0.644531   67.03120.00305979

         7        25  0.683594   68.35940.00803213

         7        24  0.703125      67.5 0.0105385

         7        23  0.742188   68.28120.00831324

         7        22  0.761719   67.03120.00429221

         7        21  0.800781   67.26560.00768049

         7        20  0.820312    65.625 0.0035657

       7.5        32  0.527344      67.5 0.0122234

       7.5        31  0.546875   67.81250.00597372

       7.5        30  0.566406   67.96880.00447728

       7.5        29  0.605469   70.23440.00633874

       7.5        28     0.625        700.00652912

       7.5        27  0.664062   71.7188 0.0125549

       7.5        26  0.683594   71.09380.00744657

       7.5        25  0.722656   72.2656 0.0114943

       7.5        24  0.722656    69.3750.00396825

       7.5        23  0.761719   70.0781 0.0028251

       7.5        22  0.800781   70.46880.00722648

       7.5        21  0.820312   68.90620.00333233

       7.5        20  0.859375     68.75  0.011976

         8        32  0.546875        700.00669792

         8        31  0.585938   72.6562 0.0114318

         8        30  0.605469   72.65620.00519616

         8        29  0.644531   74.7656 0.0128189

         8        28  0.664062    74.375 0.0119446

         8        27  0.683594   73.82810.00467009

         8        26  0.722656   75.1562 0.0104943

         8        25  0.742188   74.21880.00646204

         8        24  0.761719    73.1250.00699692

         8        23  0.800781   73.67190.00567601

         8        22  0.820312   72.18750.00289796

         8        21  0.859375   72.1875 0.0104428

         8        20  0.878906   70.3125 0.0083022

       8.5        32  0.566406      72.5 0.0032911

       8.5        31  0.605469   75.07810.00512033

       8.5        30     0.625        750.00266241

       8.5        29  0.664062   77.03120.00805672

       8.5        28  0.683594   76.56250.00682547

       8.5        27  0.722656   78.04690.00752785

       8.5        26  0.742188   77.18750.00531972

       8.5        25   0.78125    78.125 0.0105263

       8.5        24  0.800781    76.875 0.0128254

       8.5        23  0.820312   75.46880.00256056

       8.5        22  0.859375    75.625 0.0128041

       8.5        21  0.878906   73.82810.00791014

       8.5        20  0.898438    71.8750.00742391

         9        32  0.605469      77.50.00861104

         9        31  0.644531   79.9219 0.0106822

         9        30  0.664062   79.68750.00654236

         9        29  0.703125   81.5625 0.0127243

         9        28  0.722656   80.9375 0.0100462

         9        27  0.742188   80.15620.00390686

         9        26   0.78125     81.25 0.0110205

         9        25  0.800781   80.07810.00459242

         9        24  0.820312     78.750.00620617

         9        23  0.859375   79.0625 0.0111769

         9        22  0.878906   77.34380.00855213

         9        21  0.898438   75.46880.00569606

         9        20  0.917969   73.4375  0.010142

       9.5        32     0.625        800.00586098

       9.5        31  0.664062   82.34380.00524521

       9.5        30  0.683594   82.03120.00388274

       9.5        29  0.722656   83.82810.00636213

       9.5        28  0.742188    83.1250.00650533

       9.5        27   0.78125    84.3750.00801667

       9.5        26  0.800781   83.28120.00565611

       9.5        25  0.820312   82.03120.00261097

       9.5        24  0.839844    80.6250.00428945

       9.5        23  0.878906   80.85940.00659761

       9.5        22  0.898438   79.06250.00667958

       9.5        21  0.917969   77.10940.00897299
