
         0        26        31        31         2        32    100.75         1

         1        26        26        31         1        32   100.125         1

         2        26        26        31         2        32      99.5         1

         3        26        26        31         3        32    98.875         1

         4        26        26        31         4        32     98.25         1

         5        26        26        31         5        32    97.625         1

         6        26        26        31         6        32        97         1

         7        26        26        31         7        32    96.375         1

         8        26        26        31         8        32     95.75         1

         9        26        26        31         9        32    95.125         1

        10        26        26        31        10        32      94.5         1

        11        26        26        31        11        32    93.875         1

        12        26        26        31        12        32     93.25         1

        13        26        26        31        13        32    92.625         1

        14        26        26        31        14        32        92         1

        15        26        26        31        15        32    91.375         1

        16        26        26        31        16        32     90.75         1

        17        26        26        31        17        32    90.125         1

        18        26        26        31        18        32      89.5         1

        19        26        26        31        19        32    88.875         1

        20        26        26        26        19        32      84.5         1

        21        26        16        26         1        32     83.25         1

        22        26        16        26         2        32        82         1

        23        26        16        26         3        32     80.75         1

        24        26        16        26         4        32      79.5         1

        25        26        16        26         5        32     78.25         1

        26        26        16        26         6        32        77         1

        27        26        16        26         7        32     75.75         1

        28        26        16        26         8        32      74.5         1

        29        26        16        26         9        32     73.25         1

        30        26        16        26        10        32        72         1

        31        26        16        26        11        32     70.75         1

        32        26        16        26        12        32      69.5         1

        33        26        16        26        13        32     68.25         1

        34        26        16        26        14        32        67         1

        35        26        16        26        15        32     65.75         1

        36        26        16        26        16        32      64.5         1

        37        26        16        26        17        32     63.25         1

        38        26        31        31        17        31   97.6016         1

        39        26        26        31         1        31   96.9961         1

        40        26        26        31         2        31   96.3906         1

        41        26        26        31         3        31   95.7852         1

        42        26        26        31         4        31   95.1797         1

        43        26        26        31         5        31   94.5742         1

        44        26        26        31         6        31   93.9688         1

        45        26        26        31         7        31   93.3633         1

        46        26        26        31         8        31   92.7578         1

        47        26        26        31         9        31   92.1523         1

        48        26        26        31        10        31   91.5469         1

        49        26        26        31        11        31   90.9414         1

        50        26        26        31        12        31   90.3359         1

        51        26        26        31        13        31   89.7305         1

        52        26        26        31        14        31    89.125         1

        53        26        26        31        15        31   88.5195         1

        54        26        26        31        16        31   87.9141         1

        55        26        26        31        17        31   87.3086         1

        56        26        26        31        18        31   86.7031         1

        57        26        26        31        19        31   86.0977         1

        58        26        26        26        19        31   81.8594         1

        59        26        16        26         1        31   80.6484         1

        60        26        16        26         2        31   79.4375         1

        61        26        16        26         3        31   78.2266         1

        62        26        16        26         4        31   77.0156         1

        63        26        16        26         5        31   75.8047         1

        64        26        16        26         6        31   74.5938         1

        65        26        16        26         7        31   73.3828         1

        66        26        16        26         8        31   72.1719  0.991935

        67        26        16        26         9        31   70.9609         1

        68        26        16        26        10        31     69.75         1

        69        26        16        26        11        31   68.5391         1

        70        26        16        26        12        31   67.3281         1

        71        26        16        26        13        31   66.1172  0.983871

        72        26        16        26        14        31   64.9062  0.983871

        73        26        16        26        15        31   63.6953         1

        74        26        16        26        16        31   62.4844  0.991935

        75        26        16        26        17        31   61.2734  0.991935

        76        26        31        31        17        30   94.4531         1

        77        26        26        31         1        30   93.8672         1

        78        26        26        31         2        30   93.2812         1

        79        26        26        31         3        30   92.6953         1

        80        26        26        31         4        30   92.1094         1

        81        26        26        31         5        30   91.5234         1

        82        26        26        31         6        30   90.9375         1

        83        26        26        31         7        30   90.3516         1

        84        26        26        31         8        30   89.7656         1

        85        26        26        31         9        30   89.1797         1

        86        26        26        31        10        30   88.5938         1

        87        26        26        31        11        30   88.0078         1

        88        26        26        31        12        30   87.4219         1

        89        26        26        31        13        30   86.8359         1

        90        26        26        31        14        30     86.25         1

        91        26        26        31        15        30   85.6641         1

        92        26        26        31        16        30   85.0781         1

        93        26        26        31        17        30   84.4922         1

        94        26        26        31        18        30   83.9062         1

        95        26        26        31        19        30   83.3203         1

        96        26        26        26        19        30   79.2188  0.980952

        97        26        16        26         1        30   78.0469         1

        98        26        16        26         2        30    76.875         1

        99        26        16        26         3        30   75.7031         1

       100        26        16        26         4        30   74.5312  0.952381

       101        26        16        26         5        30   73.3594         1

       102        26        16        26         6        30   72.1875  0.961905

       103        26        16        26         7        30   71.0156  0.941667

       104        26        16        26         8        30   69.8438  0.952381

       105        26        16        26         9        30   68.6719  0.952381

       106        26        16        26        10        30      67.5  0.916667

       107        26        16        26        11        30   66.3281  0.891667

       108        26        16        26        12        30   65.1562  0.844444

       109        26        16        26        13        30   63.9844  0.866667

       110        26        16        26        14        30   62.8125  0.858333

       111        26        16        26        15        30   61.6406  0.785185

       112        26        16        26        16        30   60.4688  0.777778

       113        26        16        26        17        30   59.2969  0.686667

       114        26        31        31        17        29   91.3047         1

       115        26        26        31         1        29   90.7383         1

       116        26        26        31         2        29   90.1719         1

       117        26        26        31         3        29   89.6055         1

       118        26        26        31         4        29   89.0391         1

       119        26        26        31         5        29   88.4727         1

       120        26        26        31         6        29   87.9062         1

       121        26        26        31         7        29   87.3398         1

       122        26        26        31         8        29   86.7734         1

       123        26        26        31         9        29    86.207         1

       124        26        26        31        10        29   85.6406         1

       125        26        26        31        11        29   85.0742         1

       126        26        26        31        12        29   84.5078         1

       127        26        26        31        13        29   83.9414  0.991379

       128        26        26        31        14        29    83.375         1

       129        26        26        31        15        29   82.8086         1

       130        26        26        31        16        29   82.2422         1

       131        26        26        31        17        29   81.6758         1

       132        26        26        31        18        29   81.1094         1

       133        26        26        31        19        29    80.543         1

       134        26        26        26        19        29   76.5781  0.939655

       135        26        16        26         1        29   75.4453         1

       136        26        16        26         2        29   74.3125  0.991379

       137        26        16        26         3        29   73.1797  0.948276

       138        26        16        26         4        29   72.0469  0.974138

       139        26        16        26         5        29   70.9141  0.887931

       140        26        16        26         6        29   69.7812  0.848276

       141        26        16        26         7        29   68.6484  0.717241

       142        26        16        26         8        29   67.5156  0.744828

       143        26        16        26         9        29   66.3828  0.696552

       144        26        16        26        10        29     65.25  0.436782

       145        26        16        26        11        29   64.1172  0.497537

       146        26        16        26        12        29   62.9844  0.429119

       147        26        16        26        13        29   61.8516  0.341693

       148        26        16        26        14        29   60.7188  0.383142

       149        26        16        26        15        29   59.5859  0.372414

       150        26        16        26        16        29   58.4531  0.390805

       151        26        16        26        17        29   57.3203  0.375862

       152        26        31        31        17        28   88.1562         1

       153        26        26        31         1        28   87.6094         1

       154        26        26        31         2        28   87.0625         1

       155        26        26        31         3        28   86.5156         1

       156        26        26        31         4        28   85.9688         1

       157        26        26        31         5        28   85.4219         1

       158        26        26        31         6        28    84.875         1

       159        26        26        31         7        28   84.3281         1

       160        26        26        31         8        28   83.7812         1

       161        26        26        31         9        28   83.2344         1

       162        26        26        31        10        28   82.6875         1

       163        26        26        31        11        28   82.1406  0.990476

       164        26        26        31        12        28   81.5938         1

       165        26        26        31        13        28   81.0469         1

       166        26        26        31        14        28      80.5  0.980952

       167        26        26        31        15        28   79.9531  0.990476

       168        26        26        31        16        28   79.4062         1

       169        26        26        31        17        28   78.8594         1

       170        26        26        31        18        28   78.3125  0.971429

       171        26        26        31        19        28   77.7656  0.990476

       172        26        26        26        19        28   73.9375   0.84874

       173        26        16        26         1        28   72.8438   0.84874

       174        26        16        26         2        28     71.75  0.882353

       175        26        16        26         3        28   70.6562   0.81746

       176        26        16        26         4        28   69.5625  0.480952

       177        26        16        26         5        28   68.4688  0.522168

       178        26        16        26         6        28    67.375   0.42437

       179        26        16        26         7        28   66.2812  0.389961

       180        26        16        26         8        28   65.1875  0.219462

       181        26        16        26         9        28   64.0938   0.21978

       182        26        16        26        10        28        63  0.174216

       183        26        16        26        11        28   61.9062  0.137363

       184        26        16        26        12        28   60.8125  0.104275

       185        26        16        26        13        28   59.7188  0.085034

       186        26        16        26        14        28    58.625  0.093985

       187        26        16        26        15        28   57.5312 0.0784929

       188        26        16        26        16        28   56.4375  0.062383

       189        26        16        26        17        28   55.3438 0.0605327

       190        26        31        31        17        27   85.0078         1

       191        26        26        31         1        27   84.4805         1

       192        26        26        31         2        27   83.9531  0.990741

       193        26        26        31         3        27   83.4258         1

       194        26        26        31         4        27   82.8984         1

       195        26        26        31         5        27   82.3711         1

       196        26        26        31         6        27   81.8438  0.990741

       197        26        26        31         7        27   81.3164  0.990741

       198        26        26        31         8        27   80.7891         1

       199        26        26        31         9        27   80.2617         1

       200        26        26        31        10        27   79.7344  0.962963

       201        26        26        31        11        27    79.207  0.944444

       202        26        26        31        12        27   78.6797  0.962963

       203        26        26        31        13        27   78.1523  0.944444

       204        26        26        31        14        27    77.625  0.896296

       205        26        26        31        15        27   77.0977  0.962963

       206        26        26        31        16        27   76.5703  0.844444

       207        26        26        31        17        27    76.043  0.785185

       208        26        26        31        18        27   75.5156  0.844444

       209        26        26        31        19        27   74.9883   0.77037

       210        26        26        26        19        27   71.2969  0.481481

       211        26        16        26         1        27   70.2422  0.392593

       212        26        16        26         2        27   69.1875   0.28836

       213        26        16        26         3        27   68.1328  0.287749

       214        26        16        26         4        27   67.0781  0.188889

       215        26        16        26         5        27   66.0234  0.140212

       216        26        16        26         6        27   64.9688  0.101101

       217        26        16        26         7        27   63.9141 0.0609319

       218        26        16        26         8        27   62.8594 0.0445326

       219        26        16        26         9        27   61.8047  0.025025

       220        26        16        26        10        27     60.75  0.025025

       221        26        16        26        11        27   59.6953 0.0178923

       222        26        16        26        12        27   58.6406 0.0151791

       223        26        16        26        13        27   57.58590.00982415

       224        26        31        31        13        26   81.8594         1

       225        26        26        31         1        26   81.3516  0.980769

       226        26        26        31         2        26   80.8438         1

       227        26        26        31         3        26   80.3359  0.990385

       228        26        26        31         4        26   79.8281  0.948718

       229        26        26        31         5        26   79.3203         1

       230        26        26        31         6        26   78.8125  0.871795

       231        26        26        31         7        26   78.3047  0.863248

       232        26        26        31         8        26   77.7969  0.830769

       233        26        26        31         9        26   77.2891  0.815385

       234        26        26        31        10        26   76.7812  0.888889

       235        26        26        31        11        26   76.2734  0.792308

       236        26        26        31        12        26   75.7656  0.792308

       237        26        26        31        13        26   75.2578   0.64497

       238        26        26        31        14        26     74.75  0.706294

       239        26        26        31        15        26   74.2422  0.713287

       240        26        26        31        16        26   73.7344  0.627219

       241        26        26        31        17        26   73.2266   0.60355

       242        26        26        31        18        26   72.7188  0.524038

       243        26        26        31        19        26   72.2109  0.538462

       244        26        26        26        19        26   68.6562  0.258974

       245        26        16        26         1        26   67.6406  0.132626

       246        26        16        26         2        26    66.625 0.0746826

       247        26        16        26         3        26   65.6094 0.0422654

       248        26        16        26         4        26   64.5938  0.028096

       249        26        16        26         5        26   63.5781 0.0135428

       250        26        16        26         6        26   62.5625 0.0107735

       251        26        16        26         7        26   61.54690.00657462

       252        26        31        31         7        25   78.7109      0.96

       253        26        26        31         1        25   78.2227     0.936

       254        26        26        31         2        25   77.7344     0.936

       255        26        26        31         3        25   77.2461     0.912

       256        26        26        31         4        25   76.7578  0.826667

       257        26        26        31         5        25   76.2695  0.773333

       258        26        26        31         6        25   75.7812     0.816

       259        26        26        31         7        25    75.293      0.74

       260        26        26        31         8        25   74.8047  0.571429

       261        26        26        31         9        25   74.3164  0.448889

       262        26        26        31        10        25   73.8281       0.5

       263        26        26        31        11        25   73.3398      0.36

       264        26        26        31        12        25   72.8516      0.34

       265        26        26        31        13        25   72.3633      0.44

       266        26        26        31        14        25    71.875  0.288571

       267        26        26        31        15        25   71.3867  0.269333

       268        26        26        31        16        25   70.8984  0.235294

       269        26        26        31        17        25   70.4102  0.222222

       270        26        26        31        18        25   69.9219  0.224444

       271        26        26        31        19        25   69.4336  0.155714

       272        26        26        26        19        25   66.0156 0.0948837

       273        26        16        26         1        25   65.0391 0.0126183

       274        26        16        26         2        25   64.06250.00731261

       275        26        31        31         2        24   75.5625  0.821138

       276        26        26        31         1        24   75.0938  0.716312

       277        26        26        31         2        24    74.625   0.70922

       278        26        26        31         3        24   74.1562  0.666667

       279        26        26        31         4        24   73.6875  0.510101

       280        26        26        31         5        24   73.2188   0.50505

       281        26        26        31         6        24     72.75  0.480952

       282        26        26        31         7        24   72.2812  0.287749

       283        26        26        31         8        24   71.8125  0.262467

       284        26        26        31         9        24   71.3438  0.262467

       285        26        26        31        10        24    70.875  0.181159

       286        26        26        31        11        24   70.4062  0.137174

       287        26        26        31        12        24   69.9375  0.128991

       288        26        26        31        13        24   69.4688 0.0952381

       289        26        26        31        14        24        69  0.085034

       290        26        26        31        15        24   68.5312 0.0678887

       291        26        26        31        16        24   68.0625 0.0516796

       292        26        26        31        17        24   67.5938 0.0400641

       293        26        26        31        18        24    67.125 0.0347079

       294        26        26        31        19        24   66.6562 0.0318813

       295        26        26        26        19        24    63.375 0.0477555

       296        26        16        26         1        24   62.43750.000992152

       297        26        31        31         1        23   72.4141  0.695652

       298        26        26        31         1        23   71.9648  0.473913

       299        26        26        31         2        23   71.5156  0.341137

       300        26        26        31         3        23   71.0664  0.271739

       301        26        26        31         4        23   70.6172  0.217391

       302        26        26        31         5        23    70.168  0.170569

       303        26        26        31         6        23   69.7188 0.0998024

       304        26        26        31         7        23   69.2695  0.111483

       305        26        26        31         8        23   68.8203  0.073692

       306        26        26        31         9        23   68.3711 0.0555861

       307        26        26        31        10        23   67.9219 0.0388199

       308        26        26        31        11        23   67.4727 0.0260349

       309        26        26        31        12        23   67.0234 0.0194305

       310        26        26        31        13        23   66.5742 0.0185014

       311        26        26        31        14        23    66.1250.00951384

       312        26        31        31        14        22   69.2656  0.363636

       313        26        26        31         1        22   68.8359  0.137042

       314        26        26        31         2        22   68.4062  0.113636

       315        26        26        31         3        22   67.9766 0.0835381

       316        26        26        31         4        22   67.5469 0.0571755

       317        26        26        31         5        22   67.1172 0.0441558

       318        26        26        31         6        22   66.6875 0.0243072

       319        26        26        31         7        22   66.2578  0.020247

       320        26        26        31         8        22   65.8281 0.0123686

       321        26        26        31         9        22   65.3984 0.0109926

       322        26        26        31        10        22   64.96880.00634397
Optimal Rate and Stream Selection

       223        26        16        26        13        27   57.58590.00982415
Optimal Rate and Stream Selection

       251        26        16        26         7        26   61.54690.00657462
Optimal Rate and Stream Selection

       274        26        16        26         2        25   64.06250.00731261
Optimal Rate and Stream Selection

       296        26        16        26         1        24   62.43750.000992152
Optimal Rate and Stream Selection

       311        26        26        31        14        23    66.1250.00951384
Optimal Rate and Stream Selection

       322        26        26        31        10        22   64.96880.00634397
