
         0        26        31        31         2        32    100.75         1

         1        26        26        31         1        32   100.125         1

         2        26        26        31         2        32      99.5         1

         3        26        26        31         3        32    98.875         1

         4        26        26        31         4        32     98.25         1

         5        26        26        31         5        32    97.625         1

         6        26        26        31         6        32        97         1

         7        26        26        31         7        32    96.375         1

         8        26        26        31         8        32     95.75         1

         9        26        26        31         9        32    95.125         1

        10        26        26        31        10        32      94.5         1

        11        26        26        31        11        32    93.875         1

        12        26        26        31        12        32     93.25         1

        13        26        26        31        13        32    92.625         1

        14        26        26        31        14        32        92         1

        15        26        26        31        15        32    91.375         1

        16        26        26        31        16        32     90.75         1

        17        26        26        31        17        32    90.125         1

        18        26        26        31        18        32      89.5         1

        19        26        26        31        19        32    88.875         1

        20        26        26        26        19        32      84.5         1

        21        26        16        26         1        32     83.25         1

        22        26        16        26         2        32        82         1

        23        26        16        26         3        32     80.75  0.990099

        24        26        16        26         4        32      79.5         1

        25        26        16        26         5        32     78.25         1

        26        26        16        26         6        32        77  0.961538

        27        26        16        26         7        32     75.75  0.952381

        28        26        16        26         8        32      74.5  0.980392

        29        26        16        26         9        32     73.25  0.943396

        30        26        16        26        10        32        72  0.925926

        31        26        16        26        11        32     70.75  0.900901

        32        26        16        26        12        32      69.5  0.877193

        33        26        16        26        13        32     68.25  0.862069

        34        26        16        26        14        32        67  0.833333

        35        26        16        26        15        32     65.75  0.869565

        36        26        16        26        16        32      64.5  0.826446

        37        26        16        26        17        32     63.25  0.826446

        38        26        31        31        17        31   97.6016         1

        39        26        26        31         1        31   96.9961         1

        40        26        26        31         2        31   96.3906         1

        41        26        26        31         3        31   95.7852         1

        42        26        26        31         4        31   95.1797         1

        43        26        26        31         5        31   94.5742         1

        44        26        26        31         6        31   93.9688         1

        45        26        26        31         7        31   93.3633         1

        46        26        26        31         8        31   92.7578         1

        47        26        26        31         9        31   92.1523         1

        48        26        26        31        10        31   91.5469         1

        49        26        26        31        11        31   90.9414         1

        50        26        26        31        12        31   90.3359         1

        51        26        26        31        13        31   89.7305         1

        52        26        26        31        14        31    89.125         1

        53        26        26        31        15        31   88.5195         1

        54        26        26        31        16        31   87.9141         1

        55        26        26        31        17        31   87.3086         1

        56        26        26        31        18        31   86.7031         1

        57        26        26        31        19        31   86.0977         1

        58        26        26        26        19        31   81.8594  0.983871

        59        26        16        26         1        31   80.6484  0.991935

        60        26        16        26         2        31   79.4375  0.975806

        61        26        16        26         3        31   78.2266  0.991935

        62        26        16        26         4        31   77.0156  0.951613

        63        26        16        26         5        31   75.8047   0.83871

        64        26        16        26         6        31   74.5938  0.814516

        65        26        16        26         7        31   73.3828  0.696774

        66        26        16        26         8        31   72.1719  0.564516

        67        26        16        26         9        31   70.9609  0.602151

        68        26        16        26        10        31     69.75  0.460829

        69        26        16        26        11        31   68.5391  0.511521

        70        26        16        26        12        31   67.3281  0.390681

        71        26        16        26        13        31   66.1172  0.358423

        72        26        16        26        14        31   64.9062  0.443548

        73        26        16        26        15        31   63.6953  0.271505

        74        26        16        26        16        31   62.4844  0.351613

        75        26        16        26        17        31   61.2734  0.362007

        76        26        31        31        17        30   94.4531         1

        77        26        26        31         1        30   93.8672         1

        78        26        26        31         2        30   93.2812         1

        79        26        26        31         3        30   92.6953         1

        80        26        26        31         4        30   92.1094         1

        81        26        26        31         5        30   91.5234         1

        82        26        26        31         6        30   90.9375         1

        83        26        26        31         7        30   90.3516         1

        84        26        26        31         8        30   89.7656         1

        85        26        26        31         9        30   89.1797         1

        86        26        26        31        10        30   88.5938  0.990476

        87        26        26        31        11        30   88.0078  0.971429

        88        26        26        31        12        30   87.4219         1

        89        26        26        31        13        30   86.8359         1

        90        26        26        31        14        30     86.25  0.916667

        91        26        26        31        15        30   85.6641  0.990476

        92        26        26        31        16        30   85.0781         1

        93        26        26        31        17        30   84.4922         1

        94        26        26        31        18        30   83.9062  0.933333

        95        26        26        31        19        30   83.3203  0.990476

        96        26        26        26        19        30   79.2188  0.858333

        97        26        16        26         1        30   78.0469       0.9

        98        26        16        26         2        30    76.875  0.807407

        99        26        16        26         3        30   75.7031  0.630303

       100        26        16        26         4        30   74.5312  0.396078

       101        26        16        26         5        30   73.3594  0.403922

       102        26        16        26         6        30   72.1875   0.25641

       103        26        16        26         7        30   71.0156   0.18018

       104        26        16        26         8        30   69.8438  0.154545

       105        26        16        26         9        30   68.6719  0.128205

       106        26        16        26        10        30      67.5 0.0975845

       107        26        16        26        11        30   66.3281 0.0694158

       108        26        16        26        12        30   65.1562 0.0535433

       109        26        16        26        13        30   63.9844 0.0447427

       110        26        16        26        14        30   62.8125 0.0555556

       111        26        16        26        15        30   61.6406 0.0617737

       112        26        16        26        16        30   60.4688 0.0590643

       113        26        16        26        17        30   59.2969 0.0490196

       114        26        31        31        17        29   91.3047         1

       115        26        26        31         1        29   90.7383         1

       116        26        26        31         2        29   90.1719         1

       117        26        26        31         3        29   89.6055         1

       118        26        26        31         4        29   89.0391         1

       119        26        26        31         5        29   88.4727  0.991379

       120        26        26        31         6        29   87.9062  0.974138

       121        26        26        31         7        29   87.3398         1

       122        26        26        31         8        29   86.7734  0.991379

       123        26        26        31         9        29    86.207  0.965517

       124        26        26        31        10        29   85.6406  0.965517

       125        26        26        31        11        29   85.0742  0.965517

       126        26        26        31        12        29   84.5078  0.896552

       127        26        26        31        13        29   83.9414  0.793103

       128        26        26        31        14        29    83.375  0.855172

       129        26        26        31        15        29   82.8086  0.913793

       130        26        26        31        16        29   82.2422  0.806897

       131        26        26        31        17        29   81.6758  0.841379

       132        26        26        31        18        29   81.1094  0.793103

       133        26        26        31        19        29    80.543       0.8

       134        26        26        26        19        29   76.5781  0.507389

       135        26        16        26         1        29   75.4453  0.461207

       136        26        16        26         2        29   74.3125  0.316614

       137        26        16        26         3        29   73.1797  0.192377

       138        26        16        26         4        29   72.0469  0.114943

       139        26        16        26         5        29   70.9141 0.0801925

       140        26        16        26         6        29   69.7812 0.0440856

       141        26        16        26         7        29   68.6484 0.0273673

       142        26        16        26         8        29   67.5156 0.0164281

       143        26        16        26         9        29   66.3828 0.0107759

       144        26        16        26        10        29     65.250.00794534

       145        26        16        26        11        29   64.11720.00439831

       146        26        16        26        12        29   62.98440.00474316

       147        26        16        26        13        29   61.85160.00364511

       148        26        16        26        14        29   60.71880.00285453

       149        26        16        26        15        29   59.58590.00281722

       150        26        16        26        16        29   58.4531 0.0018761

       151        26        16        26        17        29   57.32030.00192534

       152        26        31        31        17        28   88.1562         1

       153        26        26        31         1        28   87.6094         1

       154        26        26        31         2        28   87.0625  0.980952

       155        26        26        31         3        28   86.5156  0.990476

       156        26        26        31         4        28   85.9688  0.980952

       157        26        26        31         5        28   85.4219  0.882353

       158        26        26        31         6        28    84.875  0.890756

       159        26        26        31         7        28   84.3281  0.833333

       160        26        26        31         8        28   83.7812  0.840336

       161        26        26        31         9        28   83.2344  0.668831

       162        26        26        31        10        28   82.6875  0.693878

       163        26        26        31        11        28   82.1406  0.662338

       164        26        26        31        12        28   81.5938  0.534392

       165        26        26        31        13        28   81.0469  0.554945

       166        26        26        31        14        28      80.5  0.515306

       167        26        26        31        15        28   79.9531  0.446429

       168        26        26        31        16        28   79.4062  0.396825

       169        26        26        31        17        28   78.8594  0.495238

       170        26        26        31        18        28   78.3125  0.387218

       171        26        26        31        19        28   77.7656  0.373626

       172        26        26        26        19        28   73.9375   0.18315

       173        26        16        26         1        28   72.8438 0.0845309

       174        26        16        26         2        28     71.75 0.0626566

       175        26        16        26         3        28   70.6562 0.0303571

       176        26        16        26         4        28   69.5625 0.0111957

       177        26        16        26         5        28   68.4688 0.0071286

       178        26        16        26         6        28    67.3750.00356875

       179        26        16        26         7        28   66.28120.00172574

       180        26        16        26         8        28   65.18750.00107436

       181        26        16        26         9        28   64.09380.000738299

       182        26        31        31         9        27   85.0078  0.990741

       183        26        26        31         1        27   84.4805  0.981481

       184        26        26        31         2        27   83.9531  0.851852

       185        26        26        31         3        27   83.4258       0.8

       186        26        26        31         4        27   82.8984  0.807407

       187        26        26        31         5        27   82.3711   0.67284

       188        26        26        31         6        27   81.8438  0.566138

       189        26        26        31         7        27   81.3164   0.45679

       190        26        26        31         8        27   80.7891  0.415638

       191        26        26        31         9        27   80.2617  0.381481

       192        26        26        31        10        27   79.7344  0.367003

       193        26        26        31        11        27    79.207  0.287749

       194        26        26        31        12        27   78.6797  0.207819

       195        26        26        31        13        27   78.1523  0.187037

       196        26        26        31        14        27    77.625  0.132275

       197        26        26        31        15        27   77.0977   0.14963

       198        26        26        31        16        27   76.5703  0.148148

       199        26        26        31        17        27    76.043 0.0959164

       200        26        26        31        18        27   75.5156 0.0740741

       201        26        26        31        19        27   74.9883 0.0813204

       202        26        26        26        19        27   71.2969 0.0536769

       203        26        16        26         1        27   70.2422 0.0049848

       204        26        16        26         2        27   69.18750.00339478

       205        26        16        26         3        27   68.13280.00135567

       206        26        16        26         4        27   67.07810.000581977

       207        26        31        31         4        26   81.8594  0.853846

       208        26        26        31         1        26   81.3516  0.641026

       209        26        26        31         2        26   80.8438  0.524038

       210        26        26        31         3        26   80.3359  0.517949

       211        26        26        31         4        26   79.8281  0.425101

       212        26        26        31         5        26   79.3203  0.355769

       213        26        26        31         6        26   78.8125  0.232967

       214        26        26        31         7        26   78.3047  0.187617

       215        26        26        31         8        26   77.7969  0.112676

       216        26        26        31         9        26   77.2891  0.104615

       217        26        26        31        10        26   76.7812  0.108974

       218        26        26        31        11        26   76.2734 0.0643127

       219        26        26        31        12        26   75.7656 0.0426421

       220        26        26        31        13        26   75.2578 0.0380807

       221        26        26        31        14        26     74.75 0.0398565

       222        26        26        31        15        26   74.2422 0.0274725

       223        26        26        31        16        26   73.7344 0.0178891

       224        26        26        31        17        26   73.2266 0.0188076

       225        26        26        31        18        26   72.7188 0.0137608

       226        26        26        31        19        26   72.21090.00979912

       227        26        26        26        19        26   68.6562 0.0133492

       228        26        16        26         1        26   67.64060.000316118

       229        26        31        31         1        25   78.7109      0.56

       230        26        26        31         1        25   78.2227  0.294286

       231        26        26        31         2        25   77.7344  0.256471

       232        26        26        31         3        25   77.2461      0.16

       233        26        26        31         4        25   76.7578     0.102

       234        26        26        31         5        25   76.2695  0.097561

       235        26        26        31         6        25   75.7812 0.0449438

       236        26        26        31         7        25    75.293  0.043956

       237        26        26        31         8        25   74.8047  0.030303

       238        26        26        31         9        25   74.3164 0.0168067

       239        26        26        31        10        25   73.8281 0.0147601

       240        26        26        31        11        25   73.3398 0.0091954

       241        26        26        31        12        25   72.85160.00581395

       242        26        26        31        13        25   72.36330.00438116

       243        26        26        31        14        25    71.8750.00289855

       244        26        26        31        15        25   71.38670.00242206

       245        26        26        31        16        25   70.89840.00166804

       246        26        26        31        17        25   70.41020.00125905

       247        26        26        31        18        25   69.92190.000777454

       248        26        31        31        18        24   75.5625  0.326797

       249        26        26        31         1        24   75.0938 0.0807102

       250        26        26        31         2        24    74.625 0.0600601

       251        26        26        31         3        24   74.1562  0.040404

       252        26        26        31         4        24   73.6875 0.0227687

       253        26        26        31         5        24   73.2188 0.0158881

       254        26        26        31         6        24     72.75 0.0116959

       255        26        26        31         7        24   72.28120.00684322

       256        26        26        31         8        24   71.81250.00421888

       257        26        26        31         9        24   71.34380.00251307

       258        26        26        31        10        24    70.8750.00203824

       259        26        26        31        11        24   70.40620.00103021

       260        26        26        31        12        24   69.93750.00071623

       261        26        31        31        12        23   72.4141  0.167224

       262        26        26        31         1        23   71.9648 0.0165948

       263        26        26        31         2        23   71.51560.00837731

       264        26        26        31         3        23   71.06640.00541448

       265        26        26        31         4        23   70.61720.00314832

       266        26        26        31         5        23    70.1680.00228476

       267        26        26        31         6        23   69.71880.00117477

       268        26        26        31         7        23   69.26950.000645078

       269        26        31        31         7        22   69.2656 0.0510725

       270        26        26        31         1        22   68.83590.00322716

       271        26        26        31         2        22   68.40620.00166653

       272        26        26        31         3        22   67.97660.000949145
Optimal Rate and Stream Selection

       181        26        16        26         9        28   64.09380.000738299
Optimal Rate and Stream Selection

       206        26        16        26         4        27   67.07810.000581977
Optimal Rate and Stream Selection

       228        26        16        26         1        26   67.64060.000316118
Optimal Rate and Stream Selection

       247        26        26        31        18        25   69.92190.000777454
Optimal Rate and Stream Selection

       260        26        26        31        12        24   69.93750.00071623
Optimal Rate and Stream Selection

       268        26        26        31         7        23   69.26950.000645078
Optimal Rate and Stream Selection

       272        26        26        31         3        22   67.97660.000949145
