# === run start: polarconh=RM-GA polarconv=RM softiter=2 ===
# fields: SNR_dB  frames  err_frames  FER  err_bits  total_bits  BER
# === run start: polarconh=RM-GA polarconv=RM softiter=2 ===
# fields: SNR_dB  frames  err_frames  FER  err_bits  total_bits  BER
# === run start: polarconh=RM-GA polarconv=RM softiter=2 ===
# fields: SNR_dB  frames  err_frames  FER  err_bits  total_bits  BER
7	10	10	1	2345	5720	0.409965
7	20	20	1	4638	11440	0.40542
7	30	30	1	6582	17160	0.383566
7	40	40	1	8652	22880	0.378147
7	50	50	1	10580	28600	0.36993
7	60	60	1	12503	34320	0.364307
7	70	70	1	14134	40040	0.352997
7	80	80	1	15606	45760	0.34104
7	90	90	1	17321	51480	0.336461
7	100	100	1	19580	57200	0.342308
# SNR 7 final  frames=100 err_frames=100 FER=1 err_bits=19580 BER=0.342308
7.5	10	10	1	1678	5720	0.293357
7.5	20	20	1	3229	11440	0.282255
7.5	30	30	1	4828	17160	0.281352
7.5	40	40	1	6670	22880	0.291521
7.5	50	50	1	8825	28600	0.308566
7.5	60	60	1	10667	34320	0.31081
7.5	70	70	1	12585	40040	0.314311
7.5	80	80	1	14360	45760	0.313811
7.5	90	90	1	15925	51480	0.309343
7.5	100	100	1	17756	57200	0.31042
# SNR 7.5 final  frames=100 err_frames=100 FER=1 err_bits=17756 BER=0.31042
8	10	10	1	1110	5720	0.194056
8	20	20	1	2401	11440	0.209878
8	30	30	1	3577	17160	0.20845
8	41	40	0.97561	5064	23452	0.21593
8	51	50	0.980392	6262	29172	0.214658
8	64	60	0.9375	7113	36608	0.194302
8	75	70	0.933333	8117	42900	0.189207
8	85	80	0.941176	9131	48620	0.187803
8	95	90	0.947368	10245	54340	0.188535
8	106	100	0.943396	11179	60632	0.184375
# SNR 8 final  frames=106 err_frames=100 FER=0.943396 err_bits=11179 BER=0.184375
8.5	14	10	0.714286	655	8008	0.0817932
8.5	27	20	0.740741	1647	15444	0.106643
8.5	37	30	0.810811	2164	21164	0.102249
8.5	48	40	0.833333	3150	27456	0.114729
8.5	60	50	0.833333	3745	34320	0.10912
8.5	75	60	0.8	4545	42900	0.105944
8.5	90	70	0.777778	5382	51480	0.104545
8.5	100	80	0.8	6372	57200	0.111399
8.5	112	90	0.803571	7001	64064	0.109281
8.5	124	100	0.806452	7697	70928	0.108518
# SNR 8.5 final  frames=124 err_frames=100 FER=0.806452 err_bits=7697 BER=0.108518
9	28	10	0.357143	635	16016	0.0396479
9	58	20	0.344828	1177	33176	0.0354775
9	82	30	0.365854	1635	46904	0.0348584
9	98	40	0.408163	2287	56056	0.0407985
9	121	50	0.413223	3028	69212	0.0437496
9	134	60	0.447761	3825	76648	0.0499035
9	165	70	0.424242	4695	94380	0.0497457
9	187	80	0.427807	5351	106964	0.0500262
9	207	90	0.434783	6064	118404	0.0512145
9	225	100	0.444444	6976	128700	0.0542036
# SNR 9 final  frames=225 err_frames=100 FER=0.444444 err_bits=6976 BER=0.0542036
9.5	27	10	0.37037	500	15444	0.032375
9.5	90	20	0.222222	900	51480	0.0174825
9.5	153	30	0.196078	1228	87516	0.0140317
9.5	205	40	0.195122	1778	117260	0.0151629
9.5	283	50	0.176678	2190	161876	0.0135289
9.5	338	60	0.177515	2490	193336	0.0128791
9.5	392	70	0.178571	3015	224224	0.0134464
9.5	452	80	0.176991	3609	258544	0.0139589
9.5	508	90	0.177165	4062	290576	0.0139791
9.5	564	100	0.177305	4575	322608	0.0141813
# SNR 9.5 final  frames=564 err_frames=100 FER=0.177305 err_bits=4575 BER=0.0141813
10	78	10	0.128205	407	44616	0.00912229
10	220	20	0.0909091	873	125840	0.00693738
10	307	30	0.0977199	1423	175604	0.00810346
10	407	40	0.0982801	1746	232804	0.00749987
10	552	50	0.0905797	2085	315744	0.00660345
10	635	60	0.0944882	2393	363220	0.00658829
10	764	70	0.091623	2743	437008	0.00627677
10	868	80	0.0921659	3371	496496	0.00678958
10	984	90	0.0914634	4160	562848	0.00739098
10	1063	100	0.0940734	4773	608036	0.00784986
# SNR 10 final  frames=1063 err_frames=100 FER=0.0940734 err_bits=4773 BER=0.00784986
10.5	332	10	0.0301205	782	189904	0.00411787
10.5	892	20	0.0224215	1582	510224	0.0031006
10.5	1276	30	0.023511	1966	729872	0.00269362
10.5	1668	40	0.0239808	2267	954096	0.00237607
10.5	2402	50	0.020816	2483	1373944	0.00180721
10.5	2791	60	0.0214977	3043	1596452	0.0019061
10.5	3210	70	0.0218069	3206	1836120	0.00174607
10.5	3888	80	0.0205761	4441	2223936	0.00199691
10.5	4325	90	0.0208092	4837	2473900	0.00195521
10.5	4766	100	0.020982	5203	2726152	0.00190855
# SNR 10.5 final  frames=4766 err_frames=100 FER=0.020982 err_bits=5203 BER=0.00190855
11	2922	10	0.00342231	556	1671384	0.000332658
11	5217	20	0.00383362	1038	2984124	0.000347841
11	7524	30	0.00398724	1330	4303728	0.000309034
11	9971	40	0.00401163	1713	5703412	0.000300347
11	12100	50	0.00413223	1992	6921200	0.000287811
# === run start: polarconh=RM-GA polarconv=RM softiter=2 ===
# fields: SNR_dB  frames  err_frames  FER  err_bits  total_bits  BER
7	10	10	1	1842	5720	0.322028
7	20	20	1	3631	11440	0.317395
7	30	30	1	5370	17160	0.312937
7	40	40	1	7197	22880	0.314554
7	50	50	1	9253	28600	0.323531
7	60	60	1	11426	34320	0.332925
7	70	70	1	13381	40040	0.334191
7	80	80	1	15542	45760	0.339642
7	90	90	1	17745	51480	0.344697
7	100	100	1	19968	57200	0.349091
# SNR 7 final  frames=100 err_frames=100 FER=1 err_bits=19968 BER=0.349091
7.5	10	10	1	1593	5720	0.278497
7.5	20	20	1	3107	11440	0.271591
7.5	30	30	1	4652	17160	0.271096
7.5	40	40	1	6371	22880	0.278453
7.5	50	50	1	8223	28600	0.287517
7.5	60	60	1	9464	34320	0.275758
7.5	70	70	1	10964	40040	0.273826
7.5	80	80	1	12890	45760	0.281687
7.5	90	90	1	14661	51480	0.28479
7.5	100	100	1	16352	57200	0.285874
# SNR 7.5 final  frames=100 err_frames=100 FER=1 err_bits=16352 BER=0.285874
8	11	10	0.909091	924	6292	0.146853
8	21	20	0.952381	1932	12012	0.160839
8	32	30	0.9375	3383	18304	0.184823
8	43	40	0.930233	4164	24596	0.169296
8	57	50	0.877193	5294	32604	0.162373
8	67	60	0.895522	6747	38324	0.176052
8	77	70	0.909091	7690	44044	0.174598
8	88	80	0.909091	9199	50336	0.182752
8	98	90	0.918367	10291	56056	0.183584
8	108	100	0.925926	11262	61776	0.182304
# SNR 8 final  frames=108 err_frames=100 FER=0.925926 err_bits=11262 BER=0.182304
8.5	14	10	0.714286	785	8008	0.098027
8.5	27	20	0.740741	1725	15444	0.111694
8.5	39	30	0.769231	2207	22308	0.0989331
8.5	51	40	0.784314	2967	29172	0.101707
8.5	61	50	0.819672	3781	34892	0.108363
8.5	75	60	0.8	4694	42900	0.109417
8.5	89	70	0.786517	5128	50908	0.100731
8.5	99	80	0.808081	5994	56628	0.105849
8.5	111	90	0.810811	6767	63492	0.10658
8.5	125	100	0.8	7861	71500	0.109944
# SNR 8.5 final  frames=125 err_frames=100 FER=0.8 err_bits=7861 BER=0.109944
9	15	10	0.666667	322	8580	0.0375291
9	32	20	0.625	846	18304	0.0462194
9	59	30	0.508475	2009	33748	0.0595295
9	83	40	0.481928	2450	47476	0.051605
9	100	50	0.5	3130	57200	0.0547203
9	126	60	0.47619	3310	72072	0.0459263
9	149	70	0.469799	3875	85228	0.0454663
9	175	80	0.457143	4583	100100	0.0457842
9	195	90	0.461538	5243	111540	0.0470056
9	217	100	0.460829	6299	124124	0.0507476
# SNR 9 final  frames=217 err_frames=100 FER=0.460829 err_bits=6299 BER=0.0507476
9.5	34	10	0.294118	599	19448	0.0308001
9.5	87	20	0.229885	1175	49764	0.0236114
9.5	136	30	0.220588	1742	77792	0.022393
9.5	200	40	0.2	2163	114400	0.0189073
9.5	229	50	0.218341	2849	130988	0.0217501
9.5	295	60	0.20339	3595	168740	0.021305
9.5	355	70	0.197183	4356	203060	0.0214518
9.5	402	80	0.199005	4714	229944	0.0205006
9.5	446	90	0.201794	5499	255112	0.0215552
9.5	494	100	0.202429	6337	282568	0.0224265
# SNR 9.5 final  frames=494 err_frames=100 FER=0.202429 err_bits=6337 BER=0.0224265
10	230	10	0.0434783	941	131560	0.00715263
10	357	20	0.0560224	1212	204204	0.00593524
10	510	30	0.0588235	1579	291720	0.00541272
10	681	40	0.0587372	1786	389532	0.00458499
10	829	50	0.0603136	2322	474188	0.00489679
10	942	60	0.0636943	3030	538824	0.00562336
10	1027	70	0.0681597	3318	587444	0.0056482
10	1164	80	0.0687285	3870	665808	0.00581249
10	1238	90	0.0726979	4487	708136	0.00633635
10	1430	100	0.0699301	4839	817960	0.00591594
# SNR 10 final  frames=1430 err_frames=100 FER=0.0699301 err_bits=4839 BER=0.00591594
10.5	254	10	0.0393701	517	145288	0.00355845
10.5	784	20	0.0255102	843	448448	0.00187982
10.5	1190	30	0.0252101	1419	680680	0.00208468
10.5	1661	40	0.0240819	1785	950092	0.00187877
10.5	2576	50	0.0194099	2000	1473472	0.00135734
10.5	3144	60	0.019084	2497	1798368	0.00138848
10.5	3628	70	0.0192944	2986	2075216	0.00143889
10.5	4219	80	0.0189618	3621	2413268	0.00150045
10.5	4635	90	0.0194175	4391	2651220	0.00165622
10.5	4955	100	0.0201816	4931	2834260	0.00173978
# SNR 10.5 final  frames=4955 err_frames=100 FER=0.0201816 err_bits=4931 BER=0.00173978
11	2488	10	0.00401929	450	1423136	0.000316203
11	4795	20	0.00417101	653	2742740	0.000238083
# === run start: polarconh=RM-GA polarconv=RM softiter=2 ===
# fields: SNR_dB  frames  err_frames  FER  err_bits  total_bits  BER
11	7098	30	0.00422654	881	4060056	0.000216992
11	9347	40	0.00427945	1411	5346484	0.000263912
11	10287	50	0.0048605	1882	5884164	0.000319842
11	12992	60	0.00461823	2220	7431424	0.000298731
11	14365	70	0.00487296	2456	8216780	0.000298901
11	17325	80	0.0046176	3081	9909900	0.000310901
11	18951	90	0.00474909	3535	10839972	0.000326108
11	22258	100	0.00449277	4041	12731576	0.0003174
# SNR 11 final  frames=22258 err_frames=100 FER=0.00449277 err_bits=4041 BER=0.0003174
11.5	14012	10	0.000713674	278	8014864	3.46856e-05
11.5	27711	20	0.000721735	676	15850692	4.2648e-05
11.5	39104	30	0.000767185	1121	22367488	5.01174e-05
11.5	55280	40	0.000723589	1381	31620160	4.36747e-05
11.5	73361	50	0.000681561	1689	41962492	4.02502e-05
11.5	82388	60	0.000728261	2101	47125936	4.45827e-05
11.5	101379	70	0.000690478	2891	57988788	4.98545e-05
11.5	111680	80	0.000716332	3129	63880960	4.89817e-05
11.5	128601	90	0.000699839	4013	73559772	5.45543e-05
11.5	139887	100	0.000714863	4465	80015364	5.58018e-05
# SNR 11.5 final  frames=139887 err_frames=100 FER=0.000714863 err_bits=4465 BER=5.58018e-05
12	86842	10	0.000115152	281	49673624	5.65693e-06
12	163590	20	0.000122257	841	93573480	8.98759e-06
12	228954	30	0.000131031	1076	130961688	8.21614e-06
12	357611	40	0.000111853	1463	204553492	7.15216e-06
12	440745	50	0.000113444	1926	252106140	7.63964e-06
12	539344	60	0.000111246	2230	308504768	7.22841e-06
12	637964	70	0.000109724	2562	364915408	7.02081e-06
