-1.02114
0.867329
5.55137
2.18829
-1.47184
1.12268
0.681827
-2.26644
-0.71887
-2.68577
-2.69595
2.61089
2.2075
-0.833198
2.6726
-1.94935
2.52971
1.84756
-0.101426
-1.22057
0.233575
-0.797894
-2.73063
-1.17288
6.9272
0.0593306
1.19013
-2.97
-1.89867
-0.997582
5.22971
-1.61294
1.31533
-3.36615
-3.04227
3.00525
0.518059
0.655575
-0.514527
0.595772
-2.01365
0.699595
-2.10436
4.3721
-3.5714
-2.57524
2.53365
0.0571851
1.0979
-1.35457
1.02586
-6.36184
-2.56618
4.12531
-1.86533
4.37952
-1.09301
-2.33321
-0.358721
-3.26966
3.76929
-0.445875
0.521488
-3.453
2.00549
3.0834
-1.94281
-1.20885
2.88299
-4.3973
-1.06674
-1.47955
0.11282
0.809454
0.445516
3.07314
-0.616145
-2.74136
-2.67105
1.16901
4.03017
-1.93466
-0.347507
0.38124
-1.87731
-4.49586
0.317276
-0.72583
0.428104
1.75119
-0.889415
4.90587
-3.46428
-0.526323
0.370231
-0.215099
1.02464
3.87014
-3.98707
-3.48181
-1.6909
0.706639
-4.0505
0.298224
0.25546
1.15911
-0.452869
2.83009
-2.64224
-0.325718
-1.30056
1.67819
1.68052
-3.11548
-1.29625
-1.22496
0.874439
-4.67365
-0.306101
0.348939
4.19444
-0.329741
3.24162
3.09675
1.23083
-3.64657
5.60085
0.114386
3.60698
3.20769
-0.00899442
1.96921
0.133694
2.1589
-4.32732
-2.43358
0.68549
-0.868819
3.21433
-4.08658
-1.75702
-3.87778
0.163945
-1.68016
0.476937
2.62076
-2.24853
-0.741428
-1.69273
-0.577572
3.94939
-2.00462
-0.247964
3.12326
6.57961
1.41617
-0.327601
-2.72248
-3.44455
0.749961
-0.5885
-2.94611
-1.94462
0.494416
0.580141
-2.82183
3.69117
-2.23004
5.80396
-0.736157
3.71804
0.65221
1.1852
0.54061
7.90642
-3.68034
-2.99324
5.58614
-2.03136
-2.5354
3.35813
2.5596
0.769175
-1.79059
-1.32075
-0.36052
0.220229
1.7014
4.14117
1.8661
1.40909
3.12337
-0.534052
4.26708
-1.29581
0.569652
0.60398
2.70178
-0.906245
-0.532076
-3.67152
-3.07759
-0.605299
3.73273
-4.42094
0.273831
0.571986
-1.84097
3.69842
4.35189
0.890314
-1.0755
-1.55422
-0.0759959
1.51186
-0.589109
1.20858
-3.01867
-3.18418
-2.1735
1.59675
-2.79477
2.77056
1.87162
1.08843
3.98459
-2.03514
0.276466
-0.629325
-1.73499
2.13272
-3.32913
2.04765
2.24468
2.45121
-2.19784
3.70743
-0.149012
-1.9544
4.58996
-1.86
-3.95128
5.06222
2.92373
0.955069
-3.41415
0.29476
-1.67057
-1.4633
-0.839394
-1.33419
4.39872
-3.49787
5.13374
-3.51663
-2.00191
