                   6            0.491126                   1
                 6.5            0.489379                   1
                   7            0.488524                   1
                 7.5            0.485942                   1
                   8             0.48068                   1
                 8.5            0.472699                   1
                   9            0.451059            0.952381
                 9.5             0.32525            0.775194
                  10            0.221563            0.552486
                10.5            0.135197            0.377358
                  11           0.0463832            0.152207
                11.5           0.0118945           0.0395101
                  12           0.0013224          0.00500651
