                   7            0.172018            0.462963
                 7.5           0.0683583            0.198413
                   8           0.0238503           0.0797448
                 8.5          0.00546041           0.0185185
                   9          0.00114798          0.00398756
                   7            0.476697                   1
                 7.5            0.476453                   1
                   8            0.460979                   1
                 8.5            0.444832                   1
                   9            0.428379                   1
                 9.5            0.405749                   1
                  10            0.399817                   1
                10.5            0.380612                   1
                  11            0.335046                   1
                11.5            0.303232            0.980392
                  12            0.291682                   1
                12.5             0.20948            0.925926
                  13            0.201835            0.925926
                13.5            0.144161             0.78125
                  14           0.0845851            0.549451
                14.5           0.0449067             0.26738
                  15           0.0188307            0.123153
                15.5           0.0102617           0.0725689
                  16          0.00331042           0.0225428
                   7            0.154146            0.362319
                 7.5           0.0706032            0.167785
                   8            0.028889           0.0729927
                 8.5          0.00508856           0.0123001
                   9           0.0009154          0.00222886
