                   6            0.493897                   1
                 6.5            0.490475                   1
                   7            0.490456                   1
                 7.5             0.48327                   1
                   8             0.47903                   1
                 8.5             0.47361            0.990099
                   9            0.448285            0.961538
                 9.5            0.362699            0.847458
                  10            0.209355            0.574713
                10.5            0.117382            0.325733
                  11           0.0380461            0.122699
                   6            0.117155            0.348432
                 6.5            0.028384           0.0972763
                   7          0.00552446           0.0220459
                 7.5         0.000310374          0.00165256
