                   7            0.331737            0.793651
                 7.5             0.22681            0.568182
                   8           0.0868234            0.204082
                 8.5           0.0331701           0.0868056
                   9          0.00601954           0.0166556
                 9.5          0.00118898           0.0038625
                   7            0.456685                   1
                 7.5             0.44087                   1
                   8            0.439891                   1
                 8.5            0.433478                   1
                   9            0.423913                   1
                 9.5            0.381304                   1
                  10            0.369185                   1
                10.5            0.347717                   1
                  11            0.290489                   1
                11.5            0.270815                   1
                  12            0.255281            0.943396
                12.5            0.198923            0.925926
                  13            0.148848            0.746269
                13.5            0.100269            0.561798
                  14            0.039758            0.297619
                14.5           0.0215751            0.143678
                  15           0.0093065           0.0696379
                   7            0.467989                   1
                 7.5            0.400961            0.892857
                   8            0.396337            0.925926
                 8.5            0.259527             0.60241
                   9            0.188269            0.471698
                 9.5           0.0886026            0.240385
                  10           0.0312967             0.10101
                10.5          0.00970931           0.0294464
                   7            0.258565            0.632911
                 7.5            0.355626            0.925926
                   8            0.252645            0.666667
                 8.5            0.182631            0.520833
                   9           0.0909017            0.301205
                 9.5           0.0905616            0.333333
                  10          0.00784848           0.0264831
                   7            0.262281            0.649351
                 7.5            0.174963            0.420168
                   8            0.076721            0.208333
                 8.5           0.0182811           0.0512295
                   9          0.00488866           0.0152022
                 9.5         0.000727493           0.0025752
