                   7             0.26963            0.657895
                 7.5            0.158638                 0.4
                   8           0.0659438            0.197628
                 8.5           0.0173902           0.0508647
                   9          0.00357114           0.0123396
                 9.5         0.000724709          0.00233492
                   7            0.497838                   1
                 7.5            0.492432                   1
                   8            0.495459                   1
                 8.5            0.494649                   1
                   9            0.495135                   1
                 9.5            0.496054                   1
                  10            0.496865                   1
                10.5            0.498703                   1
                  11            0.496973                   1
                11.5            0.496162                   1
                  12            0.494541                   1
                12.5            0.494649                   1
                  13            0.496541                   1
                13.5            0.492054                   1
                  14            0.493838                   1
                14.5            0.493514                   1
                  15            0.501946                   1
                15.5            0.483243                   1
                  16            0.496919                   1
                16.5            0.498486                   1
                  17            0.492649                   1
                17.5            0.496649                   1
                  18            0.506919                   1
                18.5            0.502919                   1
                  19            0.492486                   1
                19.5            0.492054                   1
                  20            0.496378                   1
                20.5            0.496486                   1
                  21            0.495081                   1
                21.5            0.490919                   1
                  22            0.492432                   1
                22.5            0.492108                   1
                  23            0.490919                   1
                23.5            0.483946                   1
                  24            0.490541                   1
                24.5            0.500054                   1
                  25            0.484162                   1
                25.5            0.494432                   1
                  26            0.486811                   1
                26.5               0.488                   1
                  27            0.493135                   1
                27.5            0.485514                   1
                  28            0.488054                   1
                28.5            0.487297                   1
                  29            0.491676                   1
                29.5            0.490703                   1
                  30            0.488649                   1
                30.5            0.494973                   1
                  30             0.49027                   1
                30.5            0.492757                   1
                  31            0.494162                   1
                31.5            0.498324                   1
                  32            0.495243                   1
                32.5            0.489081                   1
                  33            0.493838                   1
                33.5            0.501297                   1
                  34            0.500919                   1
                34.5            0.486054                   1
                  35            0.491784                   1
                35.5            0.489351                   1
                  36            0.490216                   1
                36.5            0.491243                   1
                  37            0.490865                   1
                37.5            0.491838                   1
                  38            0.492378                   1
                38.5            0.494378                   1
                  39            0.497459                   1
                39.5            0.493027                   1
                  40            0.484811                   1
                  30            0.489297                   1
                30.5            0.494216                   1
                  31            0.490486                   1
                31.5             0.49573                   1
                  32            0.491297                   1
                32.5            0.490919                   1
                  33               0.498                   1
                33.5            0.496541                   1
                  34            0.497568                   1
                34.5            0.493459                   1
                  35            0.493189                   1
                35.5            0.497081                   1
                  36            0.497297                   1
                36.5            0.500919                   1
                  37            0.493135                   1
                37.5            0.494054                   1
                  38                0.49                   1
                38.5             0.49627                   1
                  39            0.501892                   1
                39.5            0.501297                   1
                  40            0.500919                   1
                   7            0.351826            0.877193
                 7.5            0.221653            0.574713
                   8            0.117057             0.37037
                 8.5           0.0450963            0.149701
                   9           0.0159511           0.0591017
                 9.5          0.00339287           0.0139237
                  10         0.000971416          0.00423549
                10.5         0.000115289         0.000673247
                   7            0.501189                   1
                 7.5            0.497135                   1
                   8            0.500378                   1
                 8.5            0.505459                   1
                   9            0.494432                   1
                 9.5            0.494973                   1
                  10            0.495459                   1
                10.5            0.500757                   1
                  11            0.501189                   1
                11.5            0.499514                   1
                  12            0.492486                   1
                12.5             0.49627                   1
                  13            0.498703                   1
                13.5            0.489784                   1
                  14            0.487568                   1
                14.5            0.489838                   1
                  15            0.491297                   1
                15.5            0.483297                   1
                  16               0.482                   1
                16.5            0.491351                   1
                  17            0.476595                   1
                17.5            0.469297                   1
                  18            0.479027                   1
                18.5            0.457605            0.980392
                  19            0.388939            0.925926
                19.5            0.294782            0.694444
                  20            0.147868             0.37037
                20.5            0.053261            0.149701
                  21           0.0117264           0.0326371
                   7            0.496162                   1
                 7.5            0.505243                   1
                   8            0.504811                   1
                 8.5            0.495676                   1
                   9            0.497243                   1
                 9.5            0.499622                   1
                  10            0.496432                   1
                10.5            0.490486                   1
                  11            0.493459                   1
                11.5            0.495027                   1
                  12             0.49427                   1
                12.5             0.49227                   1
                  13            0.500811                   1
                13.5            0.484541                   1
                  14            0.495297                   1
                14.5               0.492                   1
                  15            0.492973                   1
                15.5            0.491081                   1
                  16            0.485081                   1
                16.5            0.488108                   1
                  17            0.493568                   1
                17.5            0.482108                   1
                  18            0.483892                   1
                18.5            0.468919                   1
                  19            0.446847            0.980392
                19.5            0.408408            0.925926
                  20            0.284587            0.675676
                20.5            0.142921            0.373134
                  21           0.0704773            0.201613
                   7            0.435294            0.980392
                 7.5            0.397197            0.925926
                   8            0.285444            0.714286
                 8.5            0.186384            0.471698
                   9           0.0813771            0.238095
                 9.5           0.0231589           0.0764526
                  10          0.00297212           0.0113276
                   7            0.373456            0.892857
                 7.5            0.270994            0.704225
                   8            0.144222            0.362319
                 8.5           0.0469701            0.131579
                   9          0.00939009           0.0324886
                 9.5          0.00112716          0.00368677
                   7            0.400379            0.877193
                 7.5            0.310511            0.793651
                   8            0.203029            0.549451
                 8.5           0.0707168            0.217391
                   9           0.0174429           0.0615006
                 9.5          0.00319694           0.0113302
