                   7             0.19059             0.47619
                 7.5            0.148084            0.406504
                   8           0.0871022            0.251256
                 8.5           0.0466484            0.119904
                   9           0.0275125           0.0726744
                 9.5          0.00927595           0.0262881
                  10           0.0047513           0.0131027
                10.5          0.00151657          0.00405449
                  11         0.000224348         0.000715461
                   7            0.250627            0.657895
                 7.5            0.179358            0.471698
                   8           0.0927381                0.25
                 8.5           0.0462781            0.137363
                   9           0.0271841           0.0787402
                 9.5           0.0104814           0.0286041
                  10           0.0040564           0.0104778
                10.5          0.00112262          0.00319877
                  11         0.000334098         0.000969067
                   1            0.294029            0.793651
                 1.5            0.189683            0.555556
                   2             0.07625                0.25
                 2.5           0.0690214            0.183824
                   3           0.0234555           0.0619579
                 3.5          0.00400091            0.011121
                   4         0.000470236          0.00150304
                 4.5         5.18225e-05         0.000170176
                   1            0.509048                   1
                 1.5            0.477857                   1
                   2            0.475238                   1
                 2.5            0.466905                   1
                   3            0.468095                   1
                 3.5            0.450952                   1
                   4            0.452381                   1
                 4.5            0.447946            0.980392
                   5            0.446078            0.980392
                 5.5            0.394002            0.961538
                   6            0.373688            0.847458
                 6.5            0.290701            0.675676
                   7            0.187868             0.47619
                 7.5            0.169745            0.431034
                   8           0.0864692            0.243902
                 8.5           0.0490476            0.133333
                   9           0.0312082           0.0826446
                 9.5            0.011702           0.0340599
                  10           0.0045372           0.0139198
