                   3            0.166433            0.877193
                 3.5           0.0634044             0.49505
                   4           0.0151222            0.171233
                 4.5          0.00108667           0.0132837
                   3            0.165839            0.892857
                 3.5            0.061559             0.49505
                   4           0.0128027            0.128866
                 4.5         0.000950629           0.0147798
                   3            0.157703            0.892857
                 3.5           0.0679072            0.526316
                   4           0.0108329            0.118765
                   3             0.16543            0.847458
                 3.5           0.0693174             0.50505
                   4          0.00885941            0.110375
                   3            0.180244            0.862069
                 3.5           0.0642547            0.531915
                   4          0.00971082            0.115207
                   3            0.174581            0.833333
                 3.5           0.0721471             0.47619
                   4           0.0131484            0.121359
                 4.5         0.000895076           0.0117398
                   3            0.163882            0.980392
                 3.5           0.0453553            0.485437
                   4           0.0116126             0.13624
                   3            0.162399            0.909091
                 3.5           0.0755036             0.50505
                   4          0.00915733            0.126904
