                   3            0.990099
                 3.5                   1
                   4                   1
                 4.5            0.925926
                   5             0.26738
                 5.5            0.877193
                   6                   1
                 6.5                   1
                   7                   1
                 7.5                   1
                   7            0.083022
                   8                   1
                   8                   1
                   8           0.0144092
                 8.5          0.00243108
                   9         0.000303763
