                   6                   1
                6.25                   1
                 6.5            0.961538
                6.75            0.819672
                   7            0.632911
                7.25             0.37037
                 7.5            0.134771
                7.75            0.034153
                   8          0.00612145
                8.25         0.000465584
                 8.5         6.90182e-05
                   6                   1
                6.25                   1
                 6.5            0.961538
                6.75            0.862069
                   7            0.555556
                7.25            0.344828
                 7.5            0.147493
                7.75           0.0279642
                   6                   1
                6.25                   1
                 6.5            0.961538
                6.75            0.877193
                   7            0.617284
                7.25            0.347222
                 7.5            0.110865
                7.75           0.0287026
                   8          0.00454628
