                   7            0.132275
                 7.5           0.0217391
                   8          0.00199211
                 8.5         0.000230194
                   6            0.862069
                 6.5             0.47619
                   7            0.136333
                   6            0.769231
                6.25            0.471698
                 6.5            0.297619
                6.75            0.109649
                   7           0.0518135
                7.25           0.0118092
                 7.5          0.00427533
                7.75         0.000754558
