                   7            0.088968
                 7.5           0.0109099
                   8          0.00112915
                   7            0.387597
                 7.5            0.128866
                   8           0.0262605
                   7                   1
                 7.5                   1
                   8                   1
                 8.5                   1
                   9                   1
                 9.5            0.847458
                  10            0.549451
                10.5             0.25641
                  11           0.0672043
                   7            0.200803
                 7.5           0.0285714
                   7            0.260417
                 7.5            0.062422
                   8          0.00898957
                   7           0.0243191
                 7.5          0.00162792
                   7           0.0292056
                   7            0.174216
                   7           0.0355114
                   7           0.0226142
                 7.5          0.00126987
                   6            0.630915
                 6.5            0.189394
                   7           0.0268061
                 7.5          0.00180773
                   8         7.37513e-05
                   6            0.727273
                 6.5             0.33557
                   7            0.091659
                   6            0.613497
                 6.5            0.178094
                   7           0.0265182
                 7.5          0.00174854
                   2                   1
                 2.5            0.892857
                   3            0.409836
                 3.5            0.095057
                   4          0.00886682
                 4.5         0.000319275
                   2            0.961538
                 2.5            0.847458
                   3            0.485437
                 3.5            0.118203
                   4          0.00989903
                   2                   1
                 2.5            0.877193
                   3            0.649351
                 3.5            0.151976
                   2                   1
                 2.5            0.961538
                   3             0.50505
                 3.5             0.13587
                   4           0.0110156
                   2                   1
                 2.5            0.925926
                   3            0.413223
                 3.5            0.106838
                   2                   1
                 2.5            0.833333
                   3             0.45045
                 3.5            0.107527
                   2            0.943396
                 2.5            0.961538
                   3            0.581395
                 3.5            0.171233
                   4           0.0533049
                   4           0.0109866
                 4.5         0.000262495
                   3            0.847458
                 3.5            0.471698
                   4            0.159236
                 4.5            0.064433
                   3            0.581395
                 3.5            0.212766
                   3            0.555556
                 3.5            0.109409
                   3             0.50505
                 3.5            0.100402
                   3            0.416667
                 3.5            0.101626
                   4            0.011279
                   3            0.442478
                 3.5           0.0783699
                   4          0.00858959
                   3            0.549451
                 3.5           0.0976562
                   4           0.0109842
                   7           0.0220459
                   3            0.469484
                3.25            0.253807
                 3.5            0.123609
                3.75           0.0332005
                   4          0.00930233
                 4.5                   1
                4.75                   1
                   5            0.990099
                5.25            0.990099
                 5.5            0.892857
                5.75            0.775194
                   6            0.574713
                6.25            0.361011
                 6.5             0.21645
                6.75           0.0713267
                   7           0.0279877
                7.25          0.00706265
                 7.5           0.0016047
                7.75         0.000335611
                   6            0.591716
                 6.5            0.188324
                   7           0.0218055
                   6            0.609756
                 6.5            0.162338
                   7           0.0290276
                   6            0.632911
                 6.5            0.181159
                   7           0.0249563
                   6                   1
                 6.5                   1
                   7                   1
                 7.5                   1
                   8                   1
                 8.5                   1
                   9            0.869565
                 9.5            0.645161
                  10             0.27248
                10.5           0.0923361
                   6                   1
                 6.5                   1
                   7                   1
                 7.5                   1
                   6            0.847458
                 6.5            0.469484
                   7             0.10142
                 7.5          0.00758668
                   8         0.000237832
                   6            0.909091
                 6.5            0.621118
                   7            0.193424
                   6            0.757576
                 6.5                 0.4
                   7           0.0763359
                   6            0.847458
                 6.5            0.393701
                   7            0.092081
                   6            0.970874
                 6.5            0.735294
                   7            0.338983
                   6             0.78125
                 6.5            0.395257
                   7           0.0774593
                   6            0.854701
                 6.5            0.357143
                   7           0.0779423
                 7.5          0.00473283
                   6            0.884956
                 6.5            0.429185
                   7            0.109409
                   6            0.813008
                 6.5            0.398406
                   7            0.081367
                 7.5          0.00422351
                   8          9.7529e-05
