                   3            0.413223
                3.25            0.181488
                 3.5           0.0735294
                3.75           0.0246853
                   4          0.00426749
                4.25          0.00110918
                 4.5         0.000199264
                4.75         4.52876e-05
                   3            0.344828
                3.25            0.209644
                 3.5           0.0780031
                3.75           0.0248509
                   4          0.00536193
                   3            0.383142
                3.25            0.197239
                 3.5           0.0873362
                3.75           0.0267809
                   3            0.403226
                3.25            0.195695
                 3.5           0.0833333
                3.75           0.0230521
                   4          0.00499201
                   4          0.00502892
                   4          0.00595061
                4.25          0.00119839
                   4           0.0315856
                   4          0.00906865
                 4.5                   1
                4.75                   1
                   5                   1
                5.25            0.980392
                 5.5            0.862069
                5.75            0.724638
                   6            0.465116
                6.25             0.26455
                 6.5            0.148588
                6.75           0.0508388
                   7           0.0160282
                7.25          0.00406405
                 7.5         0.000958111
                7.75         0.000168023
