                   7             0.27933
                 7.5           0.0318066
                   8          0.00430589
                 8.5         0.000398416
                   6            0.900901
                 6.5            0.568182
                   7            0.197433
                 7.5           0.0391466
                   6            0.884956
                 6.5            0.456621
                   7            0.115875
                   6            0.909091
                 6.5            0.502513
                   7           0.0807102
                   6            0.925926
                 6.5            0.549451
                   7             0.14556
                 7.5           0.0116918
