                   7            0.403226
                 7.5           0.0772798
                   8           0.0241779
                 8.5          0.00785299
                   7            0.454545
                 7.5             0.17301
                   8           0.0473934
                 8.5           0.0170532
                   9           0.0041336
                   7            0.393701
                 7.5           0.0880282
                   8           0.0295858
                 8.5          0.00724533
                   7            0.757576
                 7.5            0.223214
                   8           0.0561798
                 8.5           0.0088968
                   9          0.00161938
