                   6            0.909091
                 6.5            0.653595
                   7            0.378788
                 7.5           0.0947867
                   2                   1
                 2.5            0.925926
                   3            0.735294
                 3.5            0.340136
                   4            0.124378
                 4.5           0.0385505
                   2                   1
                 2.5                   1
                   3                   1
                 3.5                   1
                   4            0.892857
                 4.5             0.50505
                   5            0.206612
                   4           0.0698324
                 4.5           0.0217014
                   4            0.111607
                 4.5           0.0338753
                   4            0.111607
                   4           0.0818331
                 4.5           0.0189322
                   4            0.277778
                   4            0.093633
                   4            0.108696
                 4.5           0.0198491
                   3            0.724638
                 3.5            0.295858
                   4            0.104167
                   3            0.714286
                 3.5            0.340136
                   4           0.0998004
                 4.5           0.0332005
                   6                   1
                 6.5            0.970874
                   7            0.840336
                 7.5            0.429185
                   8            0.112233
                   6                   1
                 6.5            0.970874
                   7             0.78125
                 7.5            0.304878
                   6                   1
                 6.5            0.934579
                   7            0.763359
                 7.5            0.205339
                   8           0.0631313
                 8.5           0.0105164
