                   7            0.121359
                 7.5           0.0156201
                   8          0.00115974
                 8.5          0.00012592
                   3            0.561798
                 3.5            0.118765
                   4           0.0123579
                   3            0.531915
                 3.5            0.105485
                   4           0.0209468
                   3             0.45045
                 3.5            0.111857
                   4           0.0138773
                   3            0.434783
                 3.5            0.124069
                   4           0.0111309
                   3            0.442478
                 3.5              0.1002
                   4           0.0119417
