                   3            0.331126
                 3.5           0.0560538
                   6             0.31348
                 6.5           0.0514139
                   6            0.319489
                 6.5           0.0608643
                   6                   1
                 6.5                   1
                   7                   1
                 7.5                   1
                   8                   1
                 8.5                   1
                   9                   1
                 9.5                   1
                  10                   1
                10.5                   1
                  11                   1
                11.5                   1
