                   6                   1
                6.25            0.961538
                 6.5            0.925926
                6.75            0.657895
                   7            0.277778
                7.25            0.152905
                 7.5           0.0400962
                7.75          0.00613798
                   6                   1
                6.25            0.943396
                 6.5            0.943396
                6.75             0.60241
                   7            0.393701
                7.25            0.182482
                 7.5           0.0551268
                   6                   1
                6.25                   1
                 6.5                   1
                6.75                   1
                   7            0.892857
                7.25            0.757576
                 7.5            0.675676
                7.75            0.420168
                   8            0.246305
                   6                   1
                6.25                   1
                 6.5            0.961538
                6.75            0.925926
                   7            0.757576
                7.25            0.675676
                 7.5            0.510204
                7.75            0.257732
                   6                   1
                6.25            0.961538
                 6.5            0.943396
                6.75            0.684932
                   7            0.324675
                7.25            0.177305
                 7.5           0.0403551
                   6                   1
                6.25            0.980392
                 6.5            0.833333
                6.75            0.704225
                   7            0.320513
                7.25            0.145773
                 7.5           0.0397772
                7.75           0.0073551
                   6                   1
                6.25            0.961538
                 6.5            0.847458
                6.75            0.704225
                   7            0.458716
                7.25            0.177936
                 7.5           0.0454959
                   6                   1
                6.25            0.925926
                 6.5            0.925926
                6.75            0.666667
                   7             0.37594
                7.25             0.13624
                 7.5           0.0471254
                7.75          0.00758956
                   8         0.000785669
                8.25         6.74273e-05
