                   9                   1
                 9.5                   1
                  10            0.952381
                10.5            0.900901
                  11            0.869565
                11.5            0.729927
                  12            0.584795
                12.5                 0.4
                  13            0.383142
                   3                   1
                 3.5                   1
                   4                   1
                 4.5                   1
                   5                   1
                 5.5                   1
                   6                   1
                 6.5                   1
                   7                   1
                 7.5                   1
                   8                   1
                 8.5                   1
                   9                   1
                 9.5                   1
                  10                   1
                10.5                   1
                  11                   1
                11.5                   1
                  12                   1
                12.5                   1
                  13            0.813008
                   3                   1
                 3.5                   1
                   4                   1
                 4.5                   1
                   5                   1
                 5.5                   1
                   6                   1
                 6.5                   1
                   7                   1
                 7.5                   1
                   8                   1
                   3           0.0105697
                   3          0.00717824
                  30                   1
                  30                   1
                30.5                   1
                  30                   1
                   9             0.26178
                 9.5           0.0884956
                   9                   1
                   9                   1
                   9           0.0488759
                 9.5          0.00737083
                   9          0.00504261
                 9.5         0.000344605
                 9.5            0.609756
                  10            0.361011
                 9.5            0.806452
                  10                   1
                10.5            0.900901
                  11            0.840336
                11.5            0.746269
                  12            0.806452
                12.5            0.826446
                   9           0.0193761
                 9.5          0.00339697
                 9.5         0.000362348
                 9.5         0.000585165
                 9.5          0.00280757
                 9.5          0.00134365
                  10         0.000584597
                   8             0.30303
                 8.5            0.101215
                   9           0.0290529
                 9.5          0.00251864
                  10         0.000471956
                   8               0.625
                 8.5            0.236967
                   9           0.0513875
                 9.5          0.00912742
                   8             0.21097
                 8.5           0.0424448
                   9          0.00740302
                 9.5          0.00104987
                  10          6.7047e-05
                   8            0.357143
                 8.5           0.0811688
                   9           0.0221926
                 9.5          0.00439329
                  10         0.000290956
                   8            0.316456
                 8.5            0.111111
                   8            0.362319
                 8.5            0.102249
                   9           0.0332668
                 9.5          0.00349895
                   8                   1
                 8.5           0.0968992
                   9           0.0282486
                   8            0.344828
                 8.5            0.124688
                   9           0.0271739
                   8            0.378788
                 8.5           0.0905797
                   8             0.35461
                 8.5            0.136612
                   8            0.364964
                   8            0.431034
                 8.5            0.119904
                   8             0.42735
                   8            0.406504
                 8.5           0.0996016
                   9           0.0288684
                 9.5          0.00272287
                   8            0.308642
                 8.5            0.112867
                   9           0.0194704
                 9.5           0.0041876
                   8                   1
                 8.5                   1
                   9                   1
                 9.5                   1
                  10                   1
                10.5                   1
                  11                   1
                11.5                   1
                  12                   1
                12.5                   1
                   8            0.675676
                 8.5            0.403226
                   9            0.129534
                 9.5            0.042517
                  10           0.0154131
                   8            0.704225
                 8.5            0.462963
                   9             0.15873
                   8            0.393701
                 8.5             0.10917
                   9           0.0286533
                 9.5          0.00322851
                  10         0.000322912
                   8            0.392157
                 8.5            0.113186
                   9           0.0289519
                 9.5          0.00336281
                   8            0.217628
                 8.5            0.055788
                   9          0.00751089
                 9.5         0.000767925
                  10         6.94737e-05
                   8             0.29985
                 8.5           0.0967118
                   9           0.0213061
                 9.5          0.00298111
                   8           0.0980873
                 8.5           0.0165686
                   9          0.00156608
                 9.5         0.000113116
                   8            0.493827
                 8.5            0.178571
                   9           0.0434499
                 9.5          0.00636193
                   8           0.0961076
                 8.5           0.0144728
                   8           0.0518672
                 8.5          0.00643687
                   9          0.00042396
                   7            0.630915
                 7.5            0.209205
                   7            0.704225
                 7.5            0.348432
                   7            0.851064
                 7.5            0.554017
                   7            0.925926
                 7.5             0.70922
                   8            0.347222
                 8.5            0.121581
                   9           0.0227998
                   7            0.925926
                 7.5            0.696864
                   8             0.35524
                 8.5            0.121359
                   9           0.0219154
                   7            0.900901
                 7.5            0.617284
                   8              0.2886
                 8.5           0.0942063
                   7                   1
                 7.5                   1
                   8                   1
                 8.5                   1
                   9                   1
                 9.5                   1
                  10                   1
                10.5                   1
                  11                   1
                   7            0.701754
                 7.5            0.329489
                   8            0.101729
                   7            0.534759
                 7.5            0.225734
                   8           0.0685871
                   7            0.223464
                 7.5           0.0448129
                   8          0.00479605
                   8                   1
                 8.5                   1
                   9                   1
                 9.5                   1
                  10                   1
                10.5                   1
                   8                   1
                 8.5                   1
                   9                   1
                 9.5                   1
                  10                   1
                10.5                   1
                  11                   1
                11.5                   1
                  12                   1
                12.5                   1
                  13                   1
                13.5                   1
                  14                   1
                14.5                   1
                  15                   1
                15.5                   1
                  16                   1
                16.5                   1
                  17                   1
                17.5                   1
                  18                   1
                18.5                   1
                  19                   1
                19.5                   1
                  20                   1
                20.5                   1
                  21                   1
                21.5                   1
                  22                   1
                22.5                   1
                  23                   1
                23.5                   1
                  24                   1
                24.5                   1
                  25                   1
                25.5                   1
                  26                   1
                26.5                   1
                  27                   1
                27.5                   1
                   8                   1
                 8.5                   1
                   9                   1
                 9.5                   1
                  10                   1
                10.5                   1
                  11                   1
                11.5                   1
                  12                   1
                12.5                   1
                  13                   1
                13.5                   1
                  14                   1
                14.5                   1
                  15                   1
                15.5                   1
                  16                   1
                16.5                   1
                  17                   1
                17.5                   1
                  18                   1
                18.5                   1
                   8           0.0934579
                 8.5               0.016
                   8            0.324675
                 8.5            0.105708
                   8            0.390625
                 8.5            0.123457
                   8            0.420168
                 8.5            0.134771
                   9           0.0256016
                   8             0.37594
                 8.5            0.117647
                   9           0.0205592
                   8                   1
                   8                   1
                 8.5                   1
                   9                   1
                 9.5                   1
                  10                   1
                10.5                   1
                  11                   1
                11.5                   1
                  12                   1
                12.5                   1
                  13                   1
                   8            0.337838
                 8.5            0.105708
                   9            0.030581
                   8            0.526316
                 8.5               0.125
                   9           0.0151286
                 9.5         0.000672314
                   8            0.255102
                 8.5           0.0403877
                   9          0.00633553
                 9.5         0.000453511
                   8            0.746269
                 8.5            0.222222
                   8            0.657895
                 8.5            0.200803
                   8           0.0986193
                 8.5           0.0159134
                   8            0.510204
                 8.5            0.147929
