                   7            0.865801
                 7.5            0.537634
                   8             0.25974
                   7            0.943396
                 7.5            0.724638
                   8              0.3125
                 8.5            0.088968
                   9          0.00994233
                   7            0.806452
                 7.5            0.588235
                   8            0.252525
                 8.5              0.1002
                   9           0.0128436
                 9.5          0.00373916
