                 8.5                   1
                 8.5                   1
                 8.5                   1
                 8.5                   1
                   9                   1
                 9.5            0.892857
                  10            0.359712
                10.5           0.0362845
                 8.5                   1
                   9            0.961538
                 9.5            0.242718
                 8.5                   1
                   9                   1
                 8.5                   1
                   9            0.925926
                 9.5            0.434783
                  10           0.0526316
                 8.5            0.943396
                   9            0.526316
                 9.5           0.0514933
                 8.5            0.961538
                   9             0.47619
                 8.5            0.793651
                   9            0.526316
                 9.5            0.265957
                  10             0.13369
                 8.5            0.357143
                   9           0.0197785
                 8.5            0.925926
                 8.5            0.980392
                 8.5            0.980392
                 8.5                   1
                 8.5                   1
                 9.5            0.862069
                   8            0.909091
                 8.5            0.364964
                   9            0.016218
                 9.5         0.000151322
                   8                   1
                   8                   1
                 8.5                   1
                   9            0.943396
                 9.5            0.213675
                   8                   1
                 8.5            0.980392
                   9            0.537634
                 9.5            0.034626
                   8                   1
                 8.5            0.980392
                   9             0.46729
                   8                   1
                 8.5            0.961538
                   9            0.617284
                   8                   1
                 8.5            0.769231
                   9             0.10917
