                   6            0.230415
                 6.5           0.0527983
                   7           0.0162206
                   6            0.204499
                 6.5           0.0561482
                   7           0.0149187
                 7.5          0.00415162
                   6             0.20284
                 6.5           0.0635324
                   7           0.0150648
                 7.5          0.00524246
                   8          0.00162678
                 8.5         0.000580801
