                   7            0.431034
                 7.5             0.12285
                   8           0.0182482
                 8.5          0.00196025
                   9         0.000199969
                   6            0.956938
                 6.5            0.806452
                   7            0.389105
                 7.5            0.119474
                   6            0.943396
                 6.5            0.787402
                   7            0.374532
                 7.5           0.0410172
                   8          0.00203832
