                   7            0.480769
                 7.5            0.117096
                   8           0.0225225
                   7                   1
                 7.5            0.757576
                   8            0.152439
                   7            0.892857
                 7.5            0.431034
                   8           0.0972763
                 8.5           0.0228728
                   7            0.423729
                 7.5            0.127551
                   8           0.0188182
                 8.5          0.00277531
                   7             0.45045
                 7.5           0.0883392
                   8          0.00987362
                   7            0.588235
                 7.5            0.151057
                   7            0.420168
                 7.5            0.107296
                   8           0.0145815
