                   3            0.462963
                 3.5            0.104167
                   3            0.314465
                 3.5           0.0581395
                   4          0.00394228
                   7           0.0243665
                   7             0.45045
                   6            0.480769
                 6.5            0.165017
                   7           0.0210793
                   6            0.485437
                 6.5            0.151515
                   7           0.0191278
                   6            0.446429
                 6.5            0.149701
                   7           0.0189609
                   6            0.515464
                 6.5             0.16129
                   7            0.022686
                   6             0.60241
                 6.5            0.185874
                   6            0.515464
                 6.5            0.198413
                   7           0.0223714
                   6            0.458716
                 6.5            0.121655
                   7           0.0208943
                   6            0.485437
                 6.5            0.129199
                   7           0.0206954
                   6            0.526316
                 6.5            0.135501
                   7           0.0179083
                   6            0.480769
                 6.5            0.128205
                   7           0.0167842
                   6            0.840336
                 6.5            0.434783
                   7           0.0956938
                 7.5          0.00734322
                   6            0.917431
                 6.5                 0.5
                   6            0.787402
                 6.5              0.3367
                   7           0.0536481
                 7.5          0.00380402
