                   3            0.961538
                 3.5            0.793651
                   4            0.263158
                 4.5           0.0473485
                   3            0.980392
                 3.5            0.806452
                   4            0.471698
                 4.5            0.142857
                   5           0.0235405
                   3            0.980392
                 3.5            0.819672
                   4            0.431034
                 4.5            0.123153
