                   7            0.526316
                 7.5           0.0854701
                   8          0.00306993
                   7             0.34965
                 7.5           0.0414938
                   7            0.520833
                 7.5           0.0737463
                   8          0.00257453
                   7            0.454545
                 7.5           0.0550055
                   8          0.00203293
                   7             0.45045
                 7.5           0.0690608
                   7            0.561798
                 7.5            0.100806
                   7            0.574713
                 7.5           0.0665779
                   7            0.581395
                 7.5           0.0553097
                   8          0.00276197
                 8.5         1.74456e-05
                   7            0.342466
                   7            0.458716
                7.25             0.22831
                 7.5           0.0560538
                7.75           0.0180701
                   7            0.378788
                7.25            0.138889
                 7.5           0.0465983
                7.75          0.00870625
                   3                   1
                3.25                   1
                 3.5            0.769231
                3.75            0.526316
                   4            0.210084
                   3                   1
                3.25            0.925926
                 3.5            0.724638
                3.75            0.487805
                   4            0.202429
                4.25            0.037679
                   3            0.990099
                3.25            0.943396
                 3.5            0.840336
                3.75            0.420168
                   4            0.162075
                   3            0.980392
                3.25            0.934579
                 3.5            0.813008
                3.75             0.46729
                   4            0.236407
                4.25           0.0661813
                   3            0.980392
                3.25            0.943396
                 3.5            0.735294
                3.75            0.469484
                   4            0.176991
                4.25           0.0446229
                 4.5           0.0053322
                4.75         0.000537423
                   5         3.10455e-05
                   3            0.990099
                3.25            0.925926
                 3.5            0.769231
                3.75            0.460829
                   4            0.174825
                4.25           0.0409668
                 4.5          0.00565675
                4.75         0.000452315
