                   7           0.0570776
                   7           0.0340599
                 7.5           0.0046365
                   8         0.000299195
                   3            0.324675
                 3.5           0.0542888
                   4          0.00630597
                   3            0.322581
                 3.5           0.0611247
                   4          0.00556112
                   3            0.581395
                   3            0.340136
                 3.5           0.0833333
                   3            0.362319
                 3.5            0.075188
