                   6            0.555556
                 6.5             0.16129
                   7            0.019425
                 7.5          0.00112577
                   6            0.274725
                 6.5           0.0628931
                   7           0.0063597
                   6            0.420168
                 6.5           0.0667557
                   7           0.0076864
                 7.5         0.000418606
                   6            0.344828
                 6.5           0.0618047
                   7          0.00678518
                 7.5         0.000509835
                   6            0.318471
                 6.5           0.0572738
                   7          0.00881057
                   6            0.359712
                 6.5           0.0739645
                   6            0.367647
                 6.5           0.0710227
                   7          0.00722961
                   6            0.352113
                 6.5           0.0757002
                   7          0.00934318
                   6            0.348432
                 6.5            0.063857
                   6            0.318471
                 6.5           0.0697837
                   7          0.00586338
                 7.5         0.000293808
                   8         1.72986e-05
                   6             0.30303
                 6.5           0.0530504
                   7          0.00369372
                 7.5         0.000142025
                   6            0.301205
                 6.5           0.0546747
                   7           0.0031293
                 7.5         0.000141789
                   6            0.292398
                 6.5           0.0431034
                   7          0.00393561
                   6            0.263158
                 6.5           0.0504541
                   7          0.00372495
                   6            0.290698
                 6.5           0.0620347
                   6            0.322581
                 6.5           0.0533618
                   6            0.374532
                 6.5           0.0921659
                   6            0.301205
                 6.5           0.0417188
                   7          0.00317209
