                   2                   1
                 2.5                   1
                   3            0.980392
                 3.5            0.819672
                   4            0.359712
                 4.5            0.151515
                   5           0.0219974
                   2                   1
                 2.5                   1
                   3                   1
                 3.5                   1
                   4                   1
                 4.5             0.78125
                   5            0.233645
                   5           0.0258799
                 5.5          0.00287819
                   3            0.961538
                 3.5            0.724638
                   4            0.248756
                 4.5           0.0487329
                   5          0.00437484
                   6                   1
                 6.5                   1
                   7            0.990099
                 7.5            0.833333
                   8            0.286533
                 8.5           0.0492368
                   9          0.00211977
