                   7            0.675676
                 7.5            0.295858
                   8           0.0931099
                 8.5           0.0110571
                   7            0.458716
                 7.5            0.130208
                   8           0.0280112
                 8.5          0.00321812
                   7            0.694444
                 7.5            0.333333
                   8           0.0792393
                 8.5           0.0125031
                   9          0.00124146
