                  12                   1
                12.5            0.961538
                  13            0.961538
                13.5            0.884956
                  14            0.819672
                14.5            0.671141
                  15            0.546448
                15.5            0.387597
                  16            0.265957
                16.5            0.207469
                  17            0.130719
                17.5           0.0931099
                  18           0.0431965
                18.5           0.0288268
                  19           0.0178317
                19.5           0.0107262
