                 4.5                   1
                4.75                   1
                   5                   1
                5.25                   1
                 5.5            0.990099
                5.75            0.943396
                   6            0.909091
                6.25             0.78125
                 6.5            0.689655
                6.75            0.526316
                   7            0.367647
                7.25            0.260417
                 7.5            0.147059
                7.75            0.064433
                   8           0.0285063
                 4.5                   1
                4.75                   1
                   5                   1
                5.25            0.970874
                 5.5            0.925926
                5.75            0.833333
                   6            0.636943
                6.25             0.49505
                 6.5            0.409836
                6.75            0.242131
                   7            0.172712
                7.25           0.0749625
                 7.5            0.026738
                7.75           0.0146177
                   8          0.00651381
                 8.5          0.00185698
