                   3             0.46729
                 3.5            0.210084
                   4           0.0494071
                 4.5           0.0122609
                   5          0.00162385
                   3            0.390625
                 3.5            0.116279
                   4           0.0412201
                 4.5          0.00658762
                   5          0.00102352
                   3            0.362319
                 3.5           0.0900901
                   4           0.0320513
                 4.5          0.00558784
                   3                   1
                 3.5                   1
                   4                   1
                 4.5                   1
                   5                   1
                 5.5                   1
                   6                   1
                 6.5                   1
                   7                   1
                 7.5                   1
                   8                   1
                 8.5            0.943396
                   9                   1
                 9.5            0.892857
                  10            0.793651
                10.5             0.60241
                  11             0.49505
                11.5            0.442478
                  12            0.273224
                12.5            0.292398
                  13            0.147493
                13.5           0.0965251
