                   7                   1
                 7.5             0.78125
                   8            0.280899
                 8.5           0.0529101
                   7            0.735294
                 7.5            0.199203
                   8           0.0317058
                   7            0.649351
                 7.5            0.188679
                   8           0.0267523
                 8.5          0.00303416
                   9         0.000191124
                 9.5         2.73635e-05
