                   7            0.934579
                 7.5                 0.8
                   8            0.383142
                 8.5            0.129199
                   9           0.0220264
                   7            0.970874
                 7.5             0.78125
                   8            0.452489
                 8.5            0.154321
                   7            0.980392
                 7.5            0.925926
                   8             0.60241
                 8.5            0.176056
                   7            0.970874
                 7.5            0.862069
                   8            0.543478
                 8.5            0.224719
