                   7            0.390625
                 7.5            0.128535
                   7            0.454545
                 7.5            0.105708
                   8           0.0340832
                 8.5          0.00512558
                   9         0.000921591
                   7            0.310559
                 7.5           0.0440141
                   8           0.0122941
                   6            0.881057
                 6.5            0.600601
                   7            0.272851
                 7.5           0.0550358
                   8           0.0107724
                   6            0.966184
                 6.5            0.722022
                   7            0.331126
                 7.5            0.130634
                   8           0.0262226
                 8.5          0.00693169
