                   7            0.784314
                 7.5             0.43956
                   8            0.129366
                   7            0.735294
                 7.5                 0.4
                   8             0.14881
                 8.5           0.0244858
                   9          0.00343784
                   7               0.625
                 7.5            0.241546
                   8           0.0482625
                   7                   1
                 7.5                   1
                   8                   1
                 8.5                   1
                   9                   1
                 9.5                   1
                  10                   1
                10.5                   1
                  11                   1
                11.5                   1
                  12                   1
                12.5                   1
                   7            0.769231
                 7.5            0.471698
                   8            0.115207
                 8.5           0.0279955
                   9          0.00333111
                 9.5         0.000281906
