                   7            0.980392
                 7.5            0.909091
                   8            0.609756
                 8.5            0.215054
                   9           0.0613121
                 9.5          0.00582954
                   7            0.990099
                 7.5            0.980392
                   8            0.934579
                 8.5            0.746269
                   9            0.352113
                 9.5            0.146843
                  10           0.0370233
                   7                   1
                 7.5            0.970874
                   8            0.862069
                 8.5            0.680272
                   9            0.409836
                 9.5            0.140449
                  10           0.0378644
                   7                   1
                 7.5            0.980392
                   8            0.917431
                 8.5            0.740741
                   9            0.378788
                 9.5              0.1443
                  10           0.0311332
                   7                   1
                 7.5            0.990099
                   8            0.892857
                 8.5            0.746269
                   9            0.371747
                 9.5            0.142653
                  10           0.0481232
                10.5          0.00630199
                   7                   1
                 7.5                   1
                   8            0.900901
                 8.5            0.653595
                   9            0.347222
                 9.5            0.144092
                  10           0.0369822
                10.5          0.00486523
                   7                   1
                 7.5            0.917431
                   8            0.645161
                 8.5            0.242718
                   9           0.0535045
                 9.5          0.00613008
                   7            0.990099
                 7.5            0.917431
                   8            0.581395
                 8.5            0.220264
                   9           0.0412031
                 9.5          0.00576701
                  10         0.000253034
