                   7                   1
                 7.5                   1
                   8            0.943396
                 8.5            0.806452
                   9            0.444444
                 9.5            0.177305
                  10           0.0940734
                10.5            0.020982
                   7                   1
                 7.5                   1
                   8            0.925926
                 8.5                 0.8
                   9            0.460829
                 9.5            0.202429
                  10           0.0699301
                10.5           0.0201816
                  11          0.00449277
                11.5         0.000714863
