                 4.5                   1
                4.75                   1
                   5                   1
                5.25                   1
                 5.5                   1
                5.75                   1
                   6            0.990099
                6.25            0.925926
                 6.5            0.909091
                6.75            0.806452
                   7            0.694444
                7.25            0.425532
                 7.5            0.306748
                7.75            0.164745
