                   8             0.12987
                 8.5           0.0169319
                   7            0.819672
                 7.5            0.393701
                   8            0.104167
                 8.5           0.0124409
                   9         0.000993502
                   2            0.243605
                 2.5           0.0145169
                   6                   1
                 6.5            0.980392
                   7            0.806452
                 7.5            0.458716
                   8             0.11655
                 8.5           0.0150173
                   6            0.990099
                 6.5            0.990099
                   7            0.763359
                 7.5            0.469484
                   8            0.110742
                 8.5           0.0145539
                   6                   1
                 6.5            0.990099
                   7                 0.8
                 7.5             0.45045
                   8            0.112108
                 8.5           0.0139626
                   6                   1
                 6.5            0.980392
                   7             0.78125
                 7.5              0.4329
                   6                   1
                 6.5            0.970874
                   7            0.826446
                 7.5            0.438596
                   8            0.112613
                 8.5           0.0155982
                   9          0.00108633
                   6                   1
                 6.5            0.990099
                   7            0.793651
                 7.5            0.413223
                   8            0.104493
                 8.5            0.013816
                   6            0.390625
                 6.5           0.0740741
                   7          0.00822774
                 7.5         0.000450885
                   6            0.177936
                 6.5           0.0350877
                   6            0.170068
                 6.5           0.0243665
                   7          0.00244343
                   1                   1
                 1.5            0.793651
                   2            0.265957
                 2.5            0.014518
                   1                   1
                 1.5            0.763359
                   2            0.240964
                   1                   1
                 1.5            0.793651
                   2             0.26738
                 2.5           0.0146606
                   1            0.990099
                 1.5            0.813008
                   2            0.238095
