                   2                   1
                 2.5            0.970874
                   3            0.843882
                 3.5            0.561798
                   4             0.14881
                 4.5           0.0159553
                   3            0.165563
                 3.5           0.0475737
                   4           0.0101585
                   3            0.167785
                 3.5           0.0514933
                   4           0.0117123
                 4.5          0.00300824
                   3           0.0229779
                   3            0.892857
                 3.5            0.420168
                   4            0.159744
                 4.5             0.01374
                   5         0.000660755
                 5.5         2.95523e-05
