                   7            0.892857
                 7.5            0.584795
                   8            0.318471
                 8.5            0.123001
                   9           0.0293513
                 9.5          0.00544129
                  10         0.000884964
                   7              0.9375
                 7.5            0.612245
                   8            0.348837
                 8.5            0.160428
                   9           0.0325027
                 9.5           0.0094162
