                   8            0.833333
                 8.5            0.617284
                   9            0.295858
                 9.5            0.153374
                  10           0.0431034
                10.5           0.0112537
                  11          0.00339974
                   8            0.757576
                 8.5             0.45045
                   9            0.280899
                 9.5            0.114416
                  10           0.0309023
                10.5          0.00732923
                   7            0.242718
                 7.5           0.0910747
                   8           0.0234742
                   7             0.26178
                 7.5            0.093985
                   8           0.0228311
                 8.5          0.00611621
                   7            0.184502
                 7.5           0.0819672
                   7             0.26178
                 7.5            0.102041
