                   7                   1
                 7.5                   1
                   8                   1
                 8.5                   1
                   9                   1
                 9.5            0.769231
                  10             0.26455
                10.5             0.02918
                   7                   1
                 7.5                   1
                   8                   1
                 8.5                   1
                   9            0.990099
                 9.5            0.763359
                  10            0.263158
                10.5           0.0268456
                  11           0.0012824
                11.5           0.000017